DTM_CLIENT_SYSTEM=0.138525
DTM_CLIENT_USER=0.033076
DTM_CLIENT_MEM=1621494208
DTM_SERVER_SYSTEM=0.293935
DTM_SERVER_USER=0.037063
DTM_SERVER_MEM=1667213689
DTM_BW=5308815604.7947359
DTM_RTS=19628
