DTM_CLIENT_SYSTEM=0.127703
DTM_CLIENT_USER=0.028160
DTM_CLIENT_MEM=1588535744
DTM_SERVER_SYSTEM=0.277936
DTM_SERVER_USER=0.035706
DTM_SERVER_MEM=1652147577
DTM_BW=5289102969.8564939
DTM_RTS=21599
