DTS_CLIENT_SYSTEM=0.097834
DTS_CLIENT_USER=0.021795
DTS_CLIENT_MEM=1606009408
DTS_SERVER_SYSTEM=0.155014
DTS_SERVER_USER=0.023671
DTS_SERVER_MEM=1658168535
DTS_BW=5284337631.2845755
DTS_RTS=13146
