DTS_CLIENT_SYSTEM=0.093744
DTS_CLIENT_USER=0.023600
DTS_CLIENT_MEM=1643768832
DTS_SERVER_SYSTEM=0.139088
DTS_SERVER_USER=0.029631
DTS_SERVER_MEM=1682402842
DTS_BW=5098257810.0378561
DTS_RTS=20763
