DUM_CLIENT_SYSTEM=1.046146
DUM_CLIENT_USER=0.152071
DUM_CLIENT_MEM=1664180608
DUM_SERVER_SYSTEM=0.753657
DUM_SERVER_USER=0.075244
DUM_SERVER_MEM=1657446669
DUM_BW=4410168937.22689
DUM_JITTER=0.11782008169642459
DUM_LOST=73.976225899564355
