DUM_CLIENT_SYSTEM=1.008863
DUM_CLIENT_USER=0.150887
DUM_CLIENT_MEM=1631462016
DUM_SERVER_SYSTEM=0.736633
DUM_SERVER_USER=0.081292
DUM_SERVER_MEM=1649084146
DUM_BW=4336147541.5800133
DUM_JITTER=0.13040170865897044
DUM_LOST=74.811633584196954
