DUS_CLIENT_SYSTEM=0.182080
DUS_CLIENT_USER=0.043922
DUS_CLIENT_MEM=1616249536
DUS_SERVER_SYSTEM=0.659137
DUS_SERVER_USER=0.078994
DUS_SERVER_MEM=1640660992
DUS_BW=3491169368.9197636
DUS_JITTER=0.00325788106489827
DUS_LOST=0.034586775593119422
