DUS_CLIENT_SYSTEM=0.158663
DUS_CLIENT_USER=0.038518
DUS_CLIENT_MEM=1595589632
DUS_SERVER_SYSTEM=0.682897
DUS_SERVER_USER=0.086427
DUS_SERVER_MEM=1637779186
DUS_BW=3546273055.7812619
DUS_JITTER=0.017881017866213753
DUS_LOST=0.14379573719491012
