IDLE_CLIENT_SYSTEM=0.012833
IDLE_CLIENT_USER=0.027499
IDLE_CLIENT_MEM=1673402725
IDLE_SERVER_SYSTEM=0.011333
IDLE_SERVER_USER=0.029332
IDLE_SERVER_MEM=1705160508
