IDLE_CLIENT_SYSTEM=0.010999
IDLE_CLIENT_USER=0.024999
IDLE_CLIENT_MEM=1640068827
IDLE_SERVER_SYSTEM=0.011666
IDLE_SERVER_USER=0.026833
IDLE_SERVER_MEM=1690920695
