STM_CLIENT_SYSTEM=0.141622
STM_CLIENT_USER=0.027506
STM_CLIENT_MEM=1626258752
STM_SERVER_SYSTEM=0.277256
STM_SERVER_USER=0.034623
STM_SERVER_MEM=1657306381
STM_BW=5306319525.28928
STM_RTS=23010
