STM_CLIENT_SYSTEM=0.120699
STM_CLIENT_USER=0.024566
STM_CLIENT_MEM=1618016768
STM_SERVER_SYSTEM=0.272757
STM_SERVER_USER=0.033824
STM_SERVER_MEM=1637897108
STM_BW=5335250459.8244133
STM_RTS=22016
