STS_CLIENT_SYSTEM=0.095213
STS_CLIENT_USER=0.022779
STS_CLIENT_MEM=1639467328
STS_SERVER_SYSTEM=0.151202
STS_SERVER_USER=0.030700
STS_SERVER_MEM=1627508412
STS_BW=5595482537.3570671
STS_RTS=2554
