STS_CLIENT_SYSTEM=0.117333
STS_CLIENT_USER=0.023270
STS_CLIENT_MEM=1630730112
STS_SERVER_SYSTEM=0.148793
STS_SERVER_USER=0.028000
STS_SERVER_MEM=1665860715
STS_BW=4978520299.4691763
STS_RTS=21492
