SUM_CLIENT_SYSTEM=0.981732
SUM_CLIENT_USER=0.170066
SUM_CLIENT_MEM=1633683456
SUM_SERVER_SYSTEM=0.692744
SUM_SERVER_USER=0.073063
SUM_SERVER_MEM=1642073034
SUM_BW=4486790733.3367
SUM_JITTER=0.14166283721283796
SUM_LOST=73.4341961759953
