SUM_CLIENT_SYSTEM=1.010778
SUM_CLIENT_USER=0.158062
SUM_CLIENT_MEM=1656585280
SUM_SERVER_SYSTEM=0.723141
SUM_SERVER_USER=0.076063
SUM_SERVER_MEM=1655977013
SUM_BW=4452488967.9663229
SUM_JITTER=0.13398713724720493
SUM_LOST=73.865447852784456
