SUS_CLIENT_SYSTEM=0.176031
SUS_CLIENT_USER=0.041467
SUS_CLIENT_MEM=1645488192
SUS_SERVER_SYSTEM=0.582784
SUS_SERVER_USER=0.071833
SUS_SERVER_MEM=1665667610
SUS_BW=3455494013.086637
SUS_JITTER=0.0013194671366058527
SUS_LOST=0.079207153062296823
