SUS_CLIENT_SYSTEM=0.160444
SUS_CLIENT_USER=0.040644
SUS_CLIENT_MEM=1604819072
SUS_SERVER_SYSTEM=0.499465
SUS_SERVER_USER=0.054669
SUS_SERVER_MEM=1642252773
SUS_BW=3426419908.5382509
SUS_JITTER=0.0086728514896679439
SUS_LOST=0.056535628423698858
