DTM_CLIENT_SYSTEM=3.696151
DTM_CLIENT_USER=0.032432
DTM_CLIENT_MEM=1700045760
DTM_SERVER_SYSTEM=3.137809
DTM_SERVER_USER=0.036120
DTM_SERVER_MEM=1660660412
DTM_BW=8231124650.57571
DTM_RTS=38534
