DTM_CLIENT_SYSTEM=2.775913
DTM_CLIENT_USER=0.032253
DTM_CLIENT_MEM=1643461952
DTM_SERVER_SYSTEM=3.132392
DTM_SERVER_USER=0.034505
DTM_SERVER_MEM=1625490647
DTM_BW=8559127340.0770884
DTM_RTS=58837
