DTS_CLIENT_SYSTEM=3.109523
DTS_CLIENT_USER=0.018519
DTS_CLIENT_MEM=1707022272
DTS_SERVER_SYSTEM=2.631857
DTS_SERVER_USER=0.022467
DTS_SERVER_MEM=1663326261
DTS_BW=9106183076.4462
DTS_RTS=24863
