DTS_CLIENT_SYSTEM=2.942873
DTS_CLIENT_USER=0.026220
DTS_CLIENT_MEM=1651943424
DTS_SERVER_SYSTEM=3.076382
DTS_SERVER_USER=0.025434
DTS_SERVER_MEM=1634435449
DTS_BW=8930870273.5703831
DTS_RTS=17372
