DUM_CLIENT_SYSTEM=7.667638
DUM_CLIENT_USER=0.092377
DUM_CLIENT_MEM=1697517760
DUM_SERVER_SYSTEM=2.927982
DUM_SERVER_USER=0.109923
DUM_SERVER_MEM=1623928023
DUM_BW=6510154078.4666252
DUM_JITTER=0.086732874139068272
DUM_LOST=56.241363778516522
