DUM_CLIENT_SYSTEM=7.888279
DUM_CLIENT_USER=0.098288
DUM_CLIENT_MEM=1681052672
DUM_SERVER_SYSTEM=3.697805
DUM_SERVER_USER=0.139907
DUM_SERVER_MEM=1689281212
DUM_BW=8320987440.09292
DUM_JITTER=0.0644876525553388
DUM_LOST=37.156224616537948
