DUS_CLIENT_SYSTEM=2.635210
DUS_CLIENT_USER=0.038514
DUS_CLIENT_MEM=1650189376
DUS_SERVER_SYSTEM=1.327287
DUS_SERVER_USER=0.059962
DUS_SERVER_MEM=1616412025
DUS_BW=4322345860.06737
DUS_JITTER=0.015875360686736586
DUS_LOST=0.64047488869796143
