DUS_CLIENT_SYSTEM=2.768409
DUS_CLIENT_USER=0.033106
DUS_CLIENT_MEM=1647824512
DUS_SERVER_SYSTEM=2.171344
DUS_SERVER_USER=0.087362
DUS_SERVER_MEM=1606047935
DUS_BW=4054938087.09336
DUS_JITTER=0.013972739697557742
DUS_LOST=19.758933643811051
