IDLE_CLIENT_SYSTEM=0.011833
IDLE_CLIENT_USER=0.022666
IDLE_CLIENT_MEM=1650869199
IDLE_SERVER_SYSTEM=0.011166
IDLE_SERVER_USER=0.030332
IDLE_SERVER_MEM=1685100446
