IDLE_CLIENT_SYSTEM=0.015166
IDLE_CLIENT_USER=0.026332
IDLE_CLIENT_MEM=1669237288
IDLE_SERVER_SYSTEM=0.012833
IDLE_SERVER_USER=0.032499
IDLE_SERVER_MEM=1724704239
