STM_CLIENT_SYSTEM=3.772477
STM_CLIENT_USER=0.029044
STM_CLIENT_MEM=1633531648
STM_SERVER_SYSTEM=3.277645
STM_SERVER_USER=0.034658
STM_SERVER_MEM=1661150854
STM_BW=8476486780.5610771
STM_RTS=42900
