STM_CLIENT_SYSTEM=2.891710
STM_CLIENT_USER=0.033122
STM_CLIENT_MEM=1587076096
STM_SERVER_SYSTEM=3.348531
STM_SERVER_USER=0.035988
STM_SERVER_MEM=1633703989
STM_BW=8892862895.2342834
STM_RTS=68385
