STS_CLIENT_SYSTEM=2.852196
STS_CLIENT_USER=0.029237
STS_CLIENT_MEM=1583313600
STS_SERVER_SYSTEM=2.889752
STS_SERVER_USER=0.024626
STS_SERVER_MEM=1620873916
STS_BW=8730546342.0329933
STS_RTS=20206
