STS_CLIENT_SYSTEM=3.164312
STS_CLIENT_USER=0.015405
STS_CLIENT_MEM=1672407296
STS_SERVER_SYSTEM=2.458293
STS_SERVER_USER=0.022866
STS_SERVER_MEM=1645274543
STS_BW=8957091368.12027
STS_RTS=23893
