SUM_CLIENT_SYSTEM=7.833306
SUM_CLIENT_USER=0.099394
SUM_CLIENT_MEM=1690250432
SUM_SERVER_SYSTEM=3.767098
SUM_SERVER_USER=0.137327
SUM_SERVER_MEM=1677525854
SUM_BW=8559240089.4474764
SUM_JITTER=0.062365732663919787
SUM_LOST=34.497901181341241
