SUM_CLIENT_SYSTEM=7.601513
SUM_CLIENT_USER=0.095946
SUM_CLIENT_MEM=1698991040
SUM_SERVER_SYSTEM=3.914385
SUM_SERVER_USER=0.136920
SUM_SERVER_MEM=1643466533
SUM_BW=9353029839.0322857
SUM_JITTER=0.06438539876393426
SUM_LOST=36.510208774156581
