SUS_CLIENT_SYSTEM=2.805376
SUS_CLIENT_USER=0.037532
SUS_CLIENT_MEM=1716874880
SUS_SERVER_SYSTEM=2.206416
SUS_SERVER_USER=0.092583
SUS_SERVER_MEM=1610142881
SUS_BW=4248682275.761807
SUS_JITTER=0.0088875971352746
SUS_LOST=21.320492294325582
