SUS_CLIENT_SYSTEM=2.617104
SUS_CLIENT_USER=0.038188
SUS_CLIENT_MEM=1644566656
SUS_SERVER_SYSTEM=1.318556
SUS_SERVER_USER=0.058999
SUS_SERVER_MEM=1623683287
SUS_BW=4320605944.7875938
SUS_JITTER=0.019332952758691416
SUS_LOST=0.535586977668719
