DTM_CLIENT_SYSTEM=0.928785
DTM_CLIENT_USER=0.045359
DTM_CLIENT_MEM=1628380288
DTM_SERVER_SYSTEM=1.573277
DTM_SERVER_USER=0.057929
DTM_SERVER_MEM=1606910329
DTM_BW=39216046928.2031
DTM_RTS=27309
