DTM_CLIENT_SYSTEM=0.938528
DTM_CLIENT_USER=0.034869
DTM_CLIENT_MEM=1592949888
DTM_SERVER_SYSTEM=1.604017
DTM_SERVER_USER=0.056716
DTM_SERVER_MEM=1620320687
DTM_BW=39205313143.095116
DTM_RTS=38961
