DTS_CLIENT_SYSTEM=0.347122
DTS_CLIENT_USER=0.023928
DTS_CLIENT_MEM=1620884864
DTS_SERVER_SYSTEM=0.510083
DTS_SERVER_USER=0.031939
DTS_SERVER_MEM=1622776616
DTS_BW=20575130592.3493
DTS_RTS=22675
