DTS_CLIENT_SYSTEM=0.364652
DTS_CLIENT_USER=0.030811
DTS_CLIENT_MEM=1652142080
DTS_SERVER_SYSTEM=0.544778
DTS_SERVER_USER=0.028701
DTS_SERVER_MEM=1604078699
DTS_BW=21165993138.877987
DTS_RTS=23093
