DUM_CLIENT_SYSTEM=1.679284
DUM_CLIENT_USER=0.185986
DUM_CLIENT_MEM=1594943040
DUM_SERVER_SYSTEM=3.318215
DUM_SERVER_USER=0.263464
DUM_SERVER_MEM=1649411718
DUM_BW=30222181068.0165
DUM_JITTER=0.012074192535861564
DUM_LOST=10.42688679842391
