DUM_CLIENT_SYSTEM=1.611735
DUM_CLIENT_USER=0.183141
DUM_CLIENT_MEM=1537212160
DUM_SERVER_SYSTEM=3.192745
DUM_SERVER_USER=0.227125
DUM_SERVER_MEM=1621099088
DUM_BW=29147623286.041447
DUM_JITTER=0.0054847856607367568
DUM_LOST=12.590191541517479
