DUS_CLIENT_SYSTEM=0.270403
DUS_CLIENT_USER=0.038840
DUS_CLIENT_MEM=1589077824
DUS_SERVER_SYSTEM=0.955243
DUS_SERVER_USER=0.104649
DUS_SERVER_MEM=1635375535
DUS_BW=7000343326.0559149
DUS_JITTER=0.010627134171205187
DUS_LOST=1.6832430504989577
