DUS_CLIENT_SYSTEM=0.256826
DUS_CLIENT_USER=0.046874
DUS_CLIENT_MEM=1613142848
DUS_SERVER_SYSTEM=0.929342
DUS_SERVER_USER=0.110568
DUS_SERVER_MEM=1619035243
DUS_BW=7219941915.04799
DUS_JITTER=0.0058659134781882845
DUS_LOST=1.2073134264876482
