IDLE_CLIENT_SYSTEM=0.011166
IDLE_CLIENT_USER=0.026666
IDLE_CLIENT_MEM=1652285049
IDLE_SERVER_SYSTEM=0.011333
IDLE_SERVER_USER=0.022499
IDLE_SERVER_MEM=1650892149
