IDLE_CLIENT_SYSTEM=0.010999
IDLE_CLIENT_USER=0.027832
IDLE_CLIENT_MEM=1676961499
IDLE_SERVER_SYSTEM=0.011666
IDLE_SERVER_USER=0.023665
IDLE_SERVER_MEM=1678448932
