STM_CLIENT_SYSTEM=0.927351
STM_CLIENT_USER=0.042889
STM_CLIENT_MEM=1632590720
STM_SERVER_SYSTEM=1.608397
STM_SERVER_USER=0.053464
STM_SERVER_MEM=1629761050
STM_BW=39323041239.491371
STM_RTS=38895
