STM_CLIENT_SYSTEM=0.951679
STM_CLIENT_USER=0.037346
STM_CLIENT_MEM=1580012480
STM_SERVER_SYSTEM=1.731384
STM_SERVER_USER=0.053615
STM_SERVER_MEM=1603082186
STM_BW=39176692619.831436
STM_RTS=48090
