STS_CLIENT_SYSTEM=0.363991
STS_CLIENT_USER=0.026222
STS_CLIENT_MEM=1556100032
STS_SERVER_SYSTEM=0.649917
STS_SERVER_USER=0.031000
STS_SERVER_MEM=1584907425
STS_BW=23370993652.152718
STS_RTS=23974
