STS_CLIENT_SYSTEM=0.388195
STS_CLIENT_USER=0.024580
STS_CLIENT_MEM=1633257024
STS_SERVER_SYSTEM=0.593114
STS_SERVER_USER=0.022999
STS_SERVER_MEM=1615794445
STS_BW=22399910338.472553
STS_RTS=14045
