SUM_CLIENT_SYSTEM=1.849668
SUM_CLIENT_USER=0.219111
SUM_CLIENT_MEM=1619656576
SUM_SERVER_SYSTEM=3.573188
SUM_SERVER_USER=0.275725
SUM_SERVER_MEM=1623365847
SUM_BW=38641879827.793152
SUM_JITTER=0.012725688584619959
SUM_LOST=1.2554096017835807
