SUM_CLIENT_SYSTEM=1.633509
SUM_CLIENT_USER=0.182574
SUM_CLIENT_MEM=1568389184
SUM_SERVER_SYSTEM=3.238613
SUM_SERVER_USER=0.268599
SUM_SERVER_MEM=1642203836
SUM_BW=31021837260.493515
SUM_JITTER=0.01006903465354687
SUM_LOST=6.8601210188861685
