SUS_CLIENT_SYSTEM=0.292686
SUS_CLIENT_USER=0.034251
SUS_CLIENT_MEM=1586285760
SUS_SERVER_SYSTEM=0.931938
SUS_SERVER_USER=0.107052
SUS_SERVER_MEM=1614172267
SUS_BW=6635169032.51508
SUS_JITTER=0.00971997254934754
SUS_LOST=1.2882349328225811
