SUS_CLIENT_SYSTEM=0.287625
SUS_CLIENT_USER=0.050478
SUS_CLIENT_MEM=1623037824
SUS_SERVER_SYSTEM=0.897684
SUS_SERVER_USER=0.099081
SUS_SERVER_MEM=1619980934
SUS_BW=7138364294.2190638
SUS_JITTER=0.00613790980500608
SUS_LOST=0.5404944355421788
