DTM_CLIENT_SYSTEM=2.984806
DTM_CLIENT_USER=0.041915
DTM_CLIENT_MEM=1671502464
DTM_SERVER_SYSTEM=3.607641
DTM_SERVER_USER=0.056241
DTM_SERVER_MEM=1688564628
DTM_BW=8810797647.4105244
DTM_RTS=53642
