DTS_CLIENT_SYSTEM=2.859484
DTS_CLIENT_USER=0.041627
DTS_CLIENT_MEM=1670627008
DTS_SERVER_SYSTEM=2.960432
DTS_SERVER_USER=0.038296
DTS_SERVER_MEM=1689269032
DTS_BW=8469667222.857585
DTS_RTS=8186
