DUM_CLIENT_SYSTEM=6.626565
DUM_CLIENT_USER=0.240447
DUM_CLIENT_MEM=1725887168
DUM_SERVER_SYSTEM=4.535318
DUM_SERVER_USER=0.173613
DUM_SERVER_MEM=1720346300
DUM_BW=9729261922.26683
DUM_JITTER=0.0421176904247771
DUM_LOST=74.4064793885225
