DUS_CLIENT_SYSTEM=2.300116
DUS_CLIENT_USER=0.038674
DUS_CLIENT_MEM=1632215424
DUS_SERVER_SYSTEM=2.368453
DUS_SERVER_USER=0.117231
DUS_SERVER_MEM=1679593795
DUS_BW=4357518612.8991356
DUS_JITTER=0.022627395031458879
DUS_LOST=17.401966235279239
