IDLE_CLIENT_SYSTEM=0.020999
IDLE_CLIENT_USER=0.030666
IDLE_CLIENT_MEM=1665873367
IDLE_SERVER_SYSTEM=0.021499
IDLE_SERVER_USER=0.043664
IDLE_SERVER_MEM=1724642385
