STM_CLIENT_SYSTEM=2.937094
STM_CLIENT_USER=0.040104
STM_CLIENT_MEM=1643154048
STM_SERVER_SYSTEM=3.575179
STM_SERVER_USER=0.056165
STM_SERVER_MEM=1688538866
STM_BW=8704274938.76913
STM_RTS=51632
