STS_CLIENT_SYSTEM=2.842466
STS_CLIENT_USER=0.039490
STS_CLIENT_MEM=1643856256
STS_SERVER_SYSTEM=2.924364
STS_SERVER_USER=0.038840
STS_SERVER_MEM=1690601849
STS_BW=8356302922.4740877
STS_RTS=8697
