SUM_CLIENT_SYSTEM=6.515708
SUM_CLIENT_USER=0.232558
SUM_CLIENT_MEM=1732534080
SUM_SERVER_SYSTEM=4.556897
SUM_SERVER_USER=0.174859
SUM_SERVER_MEM=1724963840
SUM_BW=10043513507.589832
SUM_JITTER=0.030300096196156239
SUM_LOST=73.495130513322522
