SUS_CLIENT_SYSTEM=2.223843
SUS_CLIENT_USER=0.041131
SUS_CLIENT_MEM=1600208128
SUS_SERVER_SYSTEM=2.358982
SUS_SERVER_USER=0.116630
SUS_SERVER_MEM=1680057074
SUS_BW=4540822368.61951
SUS_JITTER=0.00971560074911982
SUS_LOST=11.316213995579369
