DTM_CLIENT_SYSTEM=0.950945
DTM_CLIENT_USER=0.051447
DTM_CLIENT_MEM=1600767808
DTM_SERVER_SYSTEM=1.497286
DTM_SERVER_USER=0.067671
DTM_SERVER_MEM=1613705162
DTM_BW=39078239046.0626
DTM_RTS=7683
