DTS_CLIENT_SYSTEM=0.317929
DTS_CLIENT_USER=0.034907
DTS_CLIENT_MEM=1606594816
DTS_SERVER_SYSTEM=0.437090
DTS_SERVER_USER=0.033976
DTS_SERVER_MEM=1603580604
DTS_BW=19206324419.230556
DTS_RTS=21361
