DUM_CLIENT_SYSTEM=2.647791
DUM_CLIENT_USER=0.223162
DUM_CLIENT_MEM=1575368000
DUM_SERVER_SYSTEM=3.928112
DUM_SERVER_USER=0.274617
DUM_SERVER_MEM=1678154051
DUM_BW=36325151239.303459
DUM_JITTER=0.01881174952544995
DUM_LOST=6.5567316300364222
