DUS_CLIENT_SYSTEM=0.280868
DUS_CLIENT_USER=0.047522
DUS_CLIENT_MEM=1582381248
DUS_SERVER_SYSTEM=0.852782
DUS_SERVER_USER=0.105262
DUS_SERVER_MEM=1640413561
DUS_BW=7274788669.1350517
DUS_JITTER=0.00711435968237543
DUS_LOST=0.56876399877607742
