IDLE_CLIENT_SYSTEM=0.019332
IDLE_CLIENT_USER=0.033665
IDLE_CLIENT_MEM=1636363962
IDLE_SERVER_SYSTEM=0.022833
IDLE_SERVER_USER=0.028999
IDLE_SERVER_MEM=1620591177
