STM_CLIENT_SYSTEM=0.763650
STM_CLIENT_USER=0.044872
STM_CLIENT_MEM=1578864000
STM_SERVER_SYSTEM=1.392069
STM_SERVER_USER=0.057518
STM_SERVER_MEM=1636718592
STM_BW=35586294056.047
STM_RTS=9520
