STS_CLIENT_SYSTEM=0.402779
STS_CLIENT_USER=0.033101
STS_CLIENT_MEM=1614083200
STS_SERVER_SYSTEM=0.680781
STS_SERVER_USER=0.037092
STS_SERVER_MEM=1631789433
STS_BW=24526492542.53368
STS_RTS=24308
