SUM_CLIENT_SYSTEM=2.522590
SUM_CLIENT_USER=0.214608
SUM_CLIENT_MEM=1609018048
SUM_SERVER_SYSTEM=4.592306
SUM_SERVER_USER=0.279191
SUM_SERVER_MEM=1680873364
SUM_BW=32602524403.125881
SUM_JITTER=0.01348623910490317
SUM_LOST=17.093579186002387
