SUS_CLIENT_SYSTEM=0.258776
SUS_CLIENT_USER=0.046380
SUS_CLIENT_MEM=1587427712
SUS_SERVER_SYSTEM=0.955544
SUS_SERVER_USER=0.114184
SUS_SERVER_MEM=1650118709
SUS_BW=7283162288.7940178
SUS_JITTER=0.0075752230949406064
SUS_LOST=0.45753310576397344
