DTM_CLIENT_SYSTEM=1.132140
DTM_CLIENT_USER=0.032581
DTM_CLIENT_MEM=1216616256
DTM_SERVER_SYSTEM=1.611799
DTM_SERVER_USER=0.047473
DTM_SERVER_MEM=1211378849
DTM_BW=38742443354.11084
DTM_RTS=381281
