DTM_CLIENT_SYSTEM=1.149568
DTM_CLIENT_USER=0.028993
DTM_CLIENT_MEM=1232454848
DTM_SERVER_SYSTEM=1.759613
DTM_SERVER_USER=0.043294
DTM_SERVER_MEM=1211417869
DTM_BW=38757019673.538719
DTM_RTS=575866
