DTS_CLIENT_SYSTEM=0.352712
DTS_CLIENT_USER=0.016390
DTS_CLIENT_MEM=1184458944
DTS_SERVER_SYSTEM=0.479076
DTS_SERVER_USER=0.023129
DTS_SERVER_MEM=1228684880
DTS_BW=20241160714.031231
DTS_RTS=21209
