DTS_CLIENT_SYSTEM=0.429915
DTS_CLIENT_USER=0.016718
DTS_CLIENT_MEM=1229113472
DTS_SERVER_SYSTEM=0.587049
DTS_SERVER_USER=0.018130
DTS_SERVER_MEM=1226685763
DTS_BW=22316427647.388931
DTS_RTS=3121
