DUM_CLIENT_SYSTEM=4.785528
DUM_CLIENT_USER=0.347544
DUM_CLIENT_MEM=1442227840
DUM_SERVER_SYSTEM=3.693317
DUM_SERVER_USER=0.294372
DUM_SERVER_MEM=1224783333
DUM_BW=33455813846.225281
DUM_JITTER=0.017446869439117944
DUM_LOST=49.789829713401026
