DUM_CLIENT_SYSTEM=4.584685
DUM_CLIENT_USER=0.341427
DUM_CLIENT_MEM=1446974848
DUM_SERVER_SYSTEM=3.231029
DUM_SERVER_USER=0.251319
DUM_SERVER_MEM=1216071410
DUM_BW=32250610435.366093
DUM_JITTER=0.017074317844586771
DUM_LOST=51.113234716955255
