DUS_CLIENT_SYSTEM=0.480046
DUS_CLIENT_USER=0.035237
DUS_CLIENT_MEM=1181602240
DUS_SERVER_SYSTEM=0.944973
DUS_SERVER_USER=0.111189
DUS_SERVER_MEM=1250527986
DUS_BW=9433080638.6727753
DUS_JITTER=0.0040430294386166162
DUS_LOST=4.5251066366105421
