DUS_CLIENT_SYSTEM=0.474801
DUS_CLIENT_USER=0.030648
DUS_CLIENT_MEM=1229663168
DUS_SERVER_SYSTEM=0.929462
DUS_SERVER_USER=0.103920
DUS_SERVER_MEM=1211086416
DUS_BW=9149941862.1108265
DUS_JITTER=0.0064829991342650831
DUS_LOST=5.1234381342117468
