IDLE_CLIENT_SYSTEM=0.006166
IDLE_CLIENT_USER=0.010999
IDLE_CLIENT_MEM=1255837175
IDLE_SERVER_SYSTEM=0.007333
IDLE_SERVER_USER=0.013666
IDLE_SERVER_MEM=1286293471
