IDLE_CLIENT_SYSTEM=0.009833
IDLE_CLIENT_USER=0.016166
IDLE_CLIENT_MEM=1202493082
IDLE_SERVER_SYSTEM=0.008500
IDLE_SERVER_USER=0.016333
IDLE_SERVER_MEM=1274374371
