STM_CLIENT_SYSTEM=1.224887
STM_CLIENT_USER=0.028817
STM_CLIENT_MEM=1225496320
STM_SERVER_SYSTEM=1.782074
STM_SERVER_USER=0.045559
STM_SERVER_MEM=1200589608
STM_BW=38784371492.177986
STM_RTS=609783
