STM_CLIENT_SYSTEM=1.168986
STM_CLIENT_USER=0.025544
STM_CLIENT_MEM=1212663296
STM_SERVER_SYSTEM=1.676453
STM_SERVER_USER=0.049383
STM_SERVER_MEM=1211177391
STM_BW=38834574037.672714
STM_RTS=439350
