STS_CLIENT_SYSTEM=0.381363
STS_CLIENT_USER=0.015897
STS_CLIENT_MEM=1194910528
STS_SERVER_SYSTEM=0.646113
STS_SERVER_USER=0.018534
STS_SERVER_MEM=1183120437
STS_BW=23227603432.619076
STS_RTS=13682
