STS_CLIENT_SYSTEM=0.408397
STS_CLIENT_USER=0.016388
STS_CLIENT_MEM=1209746112
STS_SERVER_SYSTEM=0.449060
STS_SERVER_USER=0.019618
STS_SERVER_MEM=1196070319
STS_BW=19768503764.726257
STS_RTS=824
