SUM_CLIENT_SYSTEM=4.084359
SUM_CLIENT_USER=0.306032
SUM_CLIENT_MEM=1423650688
SUM_SERVER_SYSTEM=3.548854
SUM_SERVER_USER=0.281561
SUM_SERVER_MEM=1216557487
SUM_BW=34069888053.200237
SUM_JITTER=0.011002944138865383
SUM_LOST=40.585929103132827
