SUM_CLIENT_SYSTEM=4.109941
SUM_CLIENT_USER=0.304410
SUM_CLIENT_MEM=1415437888
SUM_SERVER_SYSTEM=3.269168
SUM_SERVER_USER=0.276635
SUM_SERVER_MEM=1247862784
SUM_BW=33238747899.584713
SUM_JITTER=0.0198291510145341
SUM_LOST=42.333592313754764
