SUS_CLIENT_SYSTEM=0.405160
SUS_CLIENT_USER=0.034419
SUS_CLIENT_MEM=1209071360
SUS_SERVER_SYSTEM=1.033816
SUS_SERVER_USER=0.108794
SUS_SERVER_MEM=1239622009
SUS_BW=8288883066.7557726
SUS_JITTER=0.0028594999637427633
SUS_LOST=3.10973586762296
