SUS_CLIENT_SYSTEM=0.404969
SUS_CLIENT_USER=0.032450
SUS_CLIENT_MEM=1213001536
SUS_SERVER_SYSTEM=0.638710
SUS_SERVER_USER=0.087011
SUS_SERVER_MEM=1242133234
SUS_BW=8032400344.4933233
SUS_JITTER=0.00954715274832902
SUS_LOST=0.55671928509752333
