DTM_CLIENT_SYSTEM=0.934071
DTM_CLIENT_USER=0.063210
DTM_CLIENT_MEM=1686433792
DTM_SERVER_SYSTEM=2.137776
DTM_SERVER_USER=0.085738
DTM_SERVER_MEM=1587078629
DTM_BW=39522280320.612122
DTM_RTS=42056
