DTS_CLIENT_SYSTEM=0.425626
DTS_CLIENT_USER=0.048184
DTS_CLIENT_MEM=1698462208
DTS_SERVER_SYSTEM=0.644249
DTS_SERVER_USER=0.040173
DTS_SERVER_MEM=1578683122
DTS_BW=24991904681.650658
DTS_RTS=14706
