DUM_CLIENT_SYSTEM=2.106323
DUM_CLIENT_USER=0.177861
DUM_CLIENT_MEM=1661318080
DUM_SERVER_SYSTEM=
DUM_SERVER_USER=
DUM_SERVER_MEM=
DUM_BW=29283818001.185772
DUM_JITTER=0.017015010050192177
DUM_LOST=0.684445720922655
