DUS_CLIENT_SYSTEM=0.344172
DUS_CLIENT_USER=0.066212
DUS_CLIENT_MEM=1675075712
DUS_SERVER_SYSTEM=0.770615
DUS_SERVER_USER=0.107556
DUS_SERVER_MEM=1603505684
DUS_BW=7304022208.4944277
DUS_JITTER=0.00811048090634769
DUS_LOST=0.15521856122724348
