IDLE_CLIENT_SYSTEM=0.022166
IDLE_CLIENT_USER=0.043498
IDLE_CLIENT_MEM=1661421795
IDLE_SERVER_SYSTEM=0.034332
IDLE_SERVER_USER=0.044998
IDLE_SERVER_MEM=1562348787
