STM_CLIENT_SYSTEM=1.012331
STM_CLIENT_USER=0.059279
STM_CLIENT_MEM=1687175872
STM_SERVER_SYSTEM=2.102856
STM_SERVER_USER=0.081452
STM_SERVER_MEM=1594518204
STM_BW=39418970183.432228
STM_RTS=49412
