STS_CLIENT_SYSTEM=0.422962
STS_CLIENT_USER=0.040969
STS_CLIENT_MEM=1670872384
STS_SERVER_SYSTEM=
STS_SERVER_USER=
STS_SERVER_MEM=
STS_BW=27802989060.224251
STS_RTS=28035
