SUM_CLIENT_SYSTEM=2.367921
SUM_CLIENT_USER=0.206968
SUM_CLIENT_MEM=1656503104
SUM_SERVER_SYSTEM=3.740936
SUM_SERVER_USER=0.310200
SUM_SERVER_MEM=1622704613
SUM_BW=33297089983.365578
SUM_JITTER=0.013203183359706473
SUM_LOST=0.38101785285120765
