SUS_CLIENT_SYSTEM=0.348603
SUS_CLIENT_USER=0.069983
SUS_CLIENT_MEM=1662282368
SUS_SERVER_SYSTEM=0.831936
SUS_SERVER_USER=0.113495
SUS_SERVER_MEM=1606427594
SUS_BW=7295172626.6541824
SUS_JITTER=0.010086255360186668
SUS_LOST=0.29898453889985038
