DTM_CLIENT_SYSTEM=0.912768
DTM_CLIENT_USER=0.040939
DTM_CLIENT_MEM=1654415488
DTM_SERVER_SYSTEM=1.545632
DTM_SERVER_USER=0.061961
DTM_SERVER_MEM=1647106964
DTM_BW=38813720061.768578
DTM_RTS=32729
