DTM_CLIENT_SYSTEM=0.941279
DTM_CLIENT_USER=0.038339
DTM_CLIENT_MEM=1601203328
DTM_SERVER_SYSTEM=1.567505
DTM_SERVER_USER=0.057900
DTM_SERVER_MEM=1606498465
DTM_BW=39338706140.706131
DTM_RTS=26380
