DTS_CLIENT_SYSTEM=0.356329
DTS_CLIENT_USER=0.024914
DTS_CLIENT_MEM=1647369472
DTS_SERVER_SYSTEM=0.485239
DTS_SERVER_USER=0.039625
DTS_SERVER_MEM=1637622306
DTS_BW=20030938270.5432
DTS_RTS=19433
