DTS_CLIENT_SYSTEM=0.355609
DTS_CLIENT_USER=0.024745
DTS_CLIENT_MEM=1630716480
DTS_SERVER_SYSTEM=0.535690
DTS_SERVER_USER=0.024073
DTS_SERVER_MEM=1594349244
DTS_BW=20439730087.122364
DTS_RTS=21326
