DUM_CLIENT_SYSTEM=1.604044
DUM_CLIENT_USER=0.188933
DUM_CLIENT_MEM=1609096832
DUM_SERVER_SYSTEM=3.587236
DUM_SERVER_USER=0.254444
DUM_SERVER_MEM=1686776293
DUM_BW=32725540317.06171
DUM_JITTER=0.010050880503359186
DUM_LOST=2.8661336183419257
