DUM_CLIENT_SYSTEM=1.547635
DUM_CLIENT_USER=0.172160
DUM_CLIENT_MEM=1543838976
DUM_SERVER_SYSTEM=3.601433
DUM_SERVER_USER=0.264044
DUM_SERVER_MEM=1628126800
DUM_BW=31811448429.540833
DUM_JITTER=0.00768619669845703
DUM_LOST=2.653740502400884
