DUS_CLIENT_SYSTEM=0.281556
DUS_CLIENT_USER=0.039169
DUS_CLIENT_MEM=1634820992
DUS_SERVER_SYSTEM=0.933810
DUS_SERVER_USER=0.105245
DUS_SERVER_MEM=1663117258
DUS_BW=6772220255.8177567
DUS_JITTER=0.0065947472567970625
DUS_LOST=0.895063116229384
