DUS_CLIENT_SYSTEM=0.269770
DUS_CLIENT_USER=0.037532
DUS_CLIENT_MEM=1573052672
DUS_SERVER_SYSTEM=0.942503
DUS_SERVER_USER=0.097901
DUS_SERVER_MEM=1621574548
DUS_BW=7229981143.7233229
DUS_JITTER=0.011618708251036369
DUS_LOST=0.82925672670606
