IDLE_CLIENT_SYSTEM=0.012999
IDLE_CLIENT_USER=0.026332
IDLE_CLIENT_MEM=1649150309
IDLE_SERVER_SYSTEM=0.016333
IDLE_SERVER_USER=0.036499
IDLE_SERVER_MEM=1705893562
