IDLE_CLIENT_SYSTEM=0.010500
IDLE_CLIENT_USER=0.018166
IDLE_CLIENT_MEM=1649906184
IDLE_SERVER_SYSTEM=0.009166
IDLE_SERVER_USER=0.027999
IDLE_SERVER_MEM=1628955534
