STM_CLIENT_SYSTEM=0.829118
STM_CLIENT_USER=0.038632
STM_CLIENT_MEM=1613025472
STM_SERVER_SYSTEM=1.583631
STM_SERVER_USER=0.061668
STM_SERVER_MEM=1635036968
STM_BW=39079960199.249084
STM_RTS=25617
