STM_CLIENT_SYSTEM=0.911993
STM_CLIENT_USER=0.036833
STM_CLIENT_MEM=1571990976
STM_SERVER_SYSTEM=1.489658
STM_SERVER_USER=0.052893
STM_SERVER_MEM=1589617987
STM_BW=38457184076.747719
STM_RTS=25270
