STS_CLIENT_SYSTEM=0.390055
STS_CLIENT_USER=0.026714
STS_CLIENT_MEM=1611643392
STS_SERVER_SYSTEM=0.643852
STS_SERVER_USER=0.032341
STS_SERVER_MEM=1648294319
STS_BW=22876235236.362873
STS_RTS=16470
