STS_CLIENT_SYSTEM=0.370061
STS_CLIENT_USER=0.025239
STS_CLIENT_MEM=1577621952
STS_SERVER_SYSTEM=0.577628
STS_SERVER_USER=0.025297
STS_SERVER_MEM=1587914320
STS_BW=22054122125.173252
STS_RTS=18105
