SUM_CLIENT_SYSTEM=1.790617
SUM_CLIENT_USER=0.209678
SUM_CLIENT_MEM=1600419264
SUM_SERVER_SYSTEM=3.529539
SUM_SERVER_USER=0.275166
SUM_SERVER_MEM=1685149803
SUM_BW=36697999472.3825
SUM_JITTER=0.011284729219066064
SUM_LOST=2.5735238303895285
