SUM_CLIENT_SYSTEM=1.612095
SUM_CLIENT_USER=0.186893
SUM_CLIENT_MEM=1536467904
SUM_SERVER_SYSTEM=4.116493
SUM_SERVER_USER=0.278717
SUM_SERVER_MEM=1634688970
SUM_BW=
SUM_JITTER=
SUM_LOST=
