SUS_CLIENT_SYSTEM=0.260419
SUS_CLIENT_USER=0.036875
SUS_CLIENT_MEM=1541904768
SUS_SERVER_SYSTEM=0.937301
SUS_SERVER_USER=0.101454
SUS_SERVER_MEM=1634494194
SUS_BW=7167263067.8326721
SUS_JITTER=0.0073507088924450745
SUS_LOST=0.8940974671558376
