SUS_CLIENT_SYSTEM=0.282708
SUS_CLIENT_USER=0.040808
SUS_CLIENT_MEM=1601165568
SUS_SERVER_SYSTEM=0.847338
SUS_SERVER_USER=0.102622
SUS_SERVER_MEM=1672399602
SUS_BW=7090992834.902154
SUS_JITTER=0.0093182385523000368
SUS_LOST=0.74356659209688769
