DTM_CLIENT_SYSTEM=0.944051
DTM_CLIENT_USER=0.042093
DTM_CLIENT_MEM=1648298688
DTM_SERVER_SYSTEM=1.723662
DTM_SERVER_USER=0.070721
DTM_SERVER_MEM=1730357571
DTM_BW=38898982708.951775
DTM_RTS=58518
