DTM_CLIENT_SYSTEM=0.971592
DTM_CLIENT_USER=0.041097
DTM_CLIENT_MEM=1642226176
DTM_SERVER_SYSTEM=1.492343
DTM_SERVER_USER=0.065743
DTM_SERVER_MEM=1746399447
DTM_BW=39212576904.712341
DTM_RTS=13140
