DTS_CLIENT_SYSTEM=0.390553
DTS_CLIENT_USER=0.026878
DTS_CLIENT_MEM=1679021248
DTS_SERVER_SYSTEM=0.586883
DTS_SERVER_USER=0.037593
DTS_SERVER_MEM=1702206032
DTS_BW=22019173582.174759
DTS_RTS=13920
