DTS_CLIENT_SYSTEM=0.370376
DTS_CLIENT_USER=0.027860
DTS_CLIENT_MEM=1689993024
DTS_SERVER_SYSTEM=0.592135
DTS_SERVER_USER=0.038691
DTS_SERVER_MEM=1720708527
DTS_BW=23027689837.410011
DTS_RTS=26559
