DUM_CLIENT_SYSTEM=1.599286
DUM_CLIENT_USER=0.190840
DUM_CLIENT_MEM=1616171328
DUM_SERVER_SYSTEM=3.764817
DUM_SERVER_USER=0.280920
DUM_SERVER_MEM=1750922240
DUM_BW=30941240793.142025
DUM_JITTER=0.01182622417617497
DUM_LOST=6.0074049337248629
