DUM_CLIENT_SYSTEM=1.794225
DUM_CLIENT_USER=0.227820
DUM_CLIENT_MEM=1585628992
DUM_SERVER_SYSTEM=3.362808
DUM_SERVER_USER=0.274330
DUM_SERVER_MEM=1751103919
DUM_BW=38314189232.686317
DUM_JITTER=0.01348163021360578
DUM_LOST=0.832380447852389
