DUS_CLIENT_SYSTEM=0.252889
DUS_CLIENT_USER=0.038187
DUS_CLIENT_MEM=1616697216
DUS_SERVER_SYSTEM=0.783953
DUS_SERVER_USER=0.115239
DUS_SERVER_MEM=1737082610
DUS_BW=7227970802.5168
DUS_JITTER=0.010860107312042781
DUS_LOST=1.0096404832378947
