DUS_CLIENT_SYSTEM=0.268618
DUS_CLIENT_USER=0.040645
DUS_CLIENT_MEM=1623662592
DUS_SERVER_SYSTEM=0.900472
DUS_SERVER_USER=0.114419
DUS_SERVER_MEM=1759633408
DUS_BW=6847767821.44159
DUS_JITTER=0.00971198365908038
DUS_LOST=0.898177221005922
