IDLE_CLIENT_SYSTEM=0.009833
IDLE_CLIENT_USER=0.027332
IDLE_CLIENT_MEM=1689985414
IDLE_SERVER_SYSTEM=0.016499
IDLE_SERVER_USER=0.039831
IDLE_SERVER_MEM=1732364580
