IDLE_CLIENT_SYSTEM=0.012000
IDLE_CLIENT_USER=0.026333
IDLE_CLIENT_MEM=1677887157
IDLE_SERVER_SYSTEM=0.021833
IDLE_SERVER_USER=0.046998
IDLE_SERVER_MEM=1772321580
