STM_CLIENT_SYSTEM=0.921536
STM_CLIENT_USER=0.037084
STM_CLIENT_MEM=1648340160
STM_SERVER_SYSTEM=1.568306
STM_SERVER_USER=0.069288
STM_SERVER_MEM=1746099900
STM_BW=39327799697.4544
STM_RTS=35676
