STM_CLIENT_SYSTEM=1.012219
STM_CLIENT_USER=0.039801
STM_CLIENT_MEM=1610055488
STM_SERVER_SYSTEM=1.674510
STM_SERVER_USER=0.064373
STM_SERVER_MEM=1713370758
STM_BW=39194759724.905518
STM_RTS=50362
