STS_CLIENT_SYSTEM=0.348586
STS_CLIENT_USER=0.026713
STS_CLIENT_MEM=1613446016
STS_SERVER_SYSTEM=0.568440
STS_SERVER_USER=0.040052
STS_SERVER_MEM=1691613076
STS_BW=20887379582.326118
STS_RTS=23729
