STS_CLIENT_SYSTEM=0.379050
STS_CLIENT_USER=0.024418
STS_CLIENT_MEM=1636940224
STS_SERVER_SYSTEM=0.518449
STS_SERVER_USER=0.037737
STS_SERVER_MEM=1726877157
STS_BW=21980712771.135117
STS_RTS=20175
