SUM_CLIENT_SYSTEM=1.575593
SUM_CLIENT_USER=0.193017
SUM_CLIENT_MEM=1634085952
SUM_SERVER_SYSTEM=3.668686
SUM_SERVER_USER=0.276839
SUM_SERVER_MEM=1777658664
SUM_BW=30590351097.191849
SUM_JITTER=0.017680929038772934
SUM_LOST=7.0868948910509744
