SUM_CLIENT_SYSTEM=1.792352
SUM_CLIENT_USER=0.198805
SUM_CLIENT_MEM=1591613568
SUM_SERVER_SYSTEM=3.375671
SUM_SERVER_USER=0.258762
SUM_SERVER_MEM=1756028335
SUM_BW=34964322340.9205
SUM_JITTER=0.013671877065519533
SUM_LOST=5.1322294504602421
