SUS_CLIENT_SYSTEM=0.290907
SUS_CLIENT_USER=0.038187
SUS_CLIENT_MEM=1605381056
SUS_SERVER_SYSTEM=0.983662
SUS_SERVER_USER=0.128486
SUS_SERVER_MEM=1757510096
SUS_BW=6847044102.4078
SUS_JITTER=0.0047782500469881273
SUS_LOST=0.64240477509118743
