SUS_CLIENT_SYSTEM=0.263063
SUS_CLIENT_USER=0.045893
SUS_CLIENT_MEM=1643962112
SUS_SERVER_SYSTEM=0.765861
SUS_SERVER_USER=0.108424
SUS_SERVER_MEM=1772652274
SUS_BW=7199988659.5887871
SUS_JITTER=0.0082589231138787845
SUS_LOST=0.94526106973442625
