DTM_CLIENT_SYSTEM=1.038402
DTM_CLIENT_USER=0.055351
DTM_CLIENT_MEM=1660051584
DTM_SERVER_SYSTEM=1.621911
DTM_SERVER_USER=0.065781
DTM_SERVER_MEM=1618059695
DTM_BW=39231300358.006035
DTM_RTS=34997
