DTS_CLIENT_SYSTEM=0.343986
DTS_CLIENT_USER=0.037693
DTS_CLIENT_MEM=1624983936
DTS_SERVER_SYSTEM=0.509124
DTS_SERVER_USER=0.031947
DTS_SERVER_MEM=1594889647
DTS_BW=20750121934.533829
DTS_RTS=27231
