DUM_CLIENT_SYSTEM=2.641253
DUM_CLIENT_USER=0.206084
DUM_CLIENT_MEM=1619030464
DUM_SERVER_SYSTEM=3.361123
DUM_SERVER_USER=0.262150
DUM_SERVER_MEM=1667680256
DUM_BW=29521430092.225517
DUM_JITTER=0.016317012433599669
DUM_LOST=15.8982130164624
