DUS_CLIENT_SYSTEM=0.286112
DUS_CLIENT_USER=0.055387
DUS_CLIENT_MEM=1646574336
DUS_SERVER_SYSTEM=0.903242
DUS_SERVER_USER=0.112956
DUS_SERVER_MEM=1644708271
DUS_BW=7274667968.6634855
DUS_JITTER=0.00890660592296477
DUS_LOST=0.574493661793934
