IDLE_CLIENT_SYSTEM=0.020166
IDLE_CLIENT_USER=0.034166
IDLE_CLIENT_MEM=1616758556
IDLE_SERVER_SYSTEM=0.018666
IDLE_SERVER_USER=0.036498
IDLE_SERVER_MEM=1642954231
