STM_CLIENT_SYSTEM=1.010969
STM_CLIENT_USER=0.052227
STM_CLIENT_MEM=1650789760
STM_SERVER_SYSTEM=1.699403
STM_SERVER_USER=0.062404
STM_SERVER_MEM=1625542925
STM_BW=39312789769.7248
STM_RTS=50950
