STS_CLIENT_SYSTEM=0.406876
STS_CLIENT_USER=0.038508
STS_CLIENT_MEM=1648303168
STS_SERVER_SYSTEM=0.586317
STS_SERVER_USER=0.034919
STS_SERVER_MEM=1608697802
STS_BW=21476709334.696178
STS_RTS=18964
