SUM_CLIENT_SYSTEM=2.516340
SUM_CLIENT_USER=0.226718
SUM_CLIENT_MEM=1628258560
SUM_SERVER_SYSTEM=3.707427
SUM_SERVER_USER=0.297146
SUM_SERVER_MEM=1671967366
SUM_BW=35281835455.686737
SUM_JITTER=0.012617008071414594
SUM_LOST=10.252800006760367
