SUS_CLIENT_SYSTEM=0.356394
SUS_CLIENT_USER=0.053418
SUS_CLIENT_MEM=1662304512
SUS_SERVER_SYSTEM=0.982705
SUS_SERVER_USER=0.108211
SUS_SERVER_MEM=1658288397
SUS_BW=7173335493.64507
SUS_JITTER=0.0056417360582453561
SUS_LOST=0.612116346488295
