DTM_CLIENT_SYSTEM=1.147844
DTM_CLIENT_USER=0.029310
DTM_CLIENT_MEM=1230784960
DTM_SERVER_SYSTEM=1.750436
DTM_SERVER_USER=0.045299
DTM_SERVER_MEM=1232368424
DTM_BW=38672107173.413879
DTM_RTS=593436
