DTM_CLIENT_SYSTEM=1.186266
DTM_CLIENT_USER=0.026198
DTM_CLIENT_MEM=1238311552
DTM_SERVER_SYSTEM=1.799086
DTM_SERVER_USER=0.045718
DTM_SERVER_MEM=1232992256
DTM_BW=38666453123.668747
DTM_RTS=654173
