DTS_CLIENT_SYSTEM=0.386922
DTS_CLIENT_USER=0.018191
DTS_CLIENT_MEM=1221042112
DTS_SERVER_SYSTEM=0.622252
DTS_SERVER_USER=0.020561
DTS_SERVER_MEM=1220261564
DTS_BW=22995036439.880856
DTS_RTS=22686
