DTS_CLIENT_SYSTEM=0.377909
DTS_CLIENT_USER=0.018682
DTS_CLIENT_MEM=1247669440
DTS_SERVER_SYSTEM=0.600146
DTS_SERVER_USER=0.020830
DTS_SERVER_MEM=1215515863
DTS_BW=22404607147.190182
DTS_RTS=21142
