DUM_CLIENT_SYSTEM=4.675810
DUM_CLIENT_USER=0.342952
DUM_CLIENT_MEM=1438585024
DUM_SERVER_SYSTEM=3.682460
DUM_SERVER_USER=0.291179
DUM_SERVER_MEM=1230990282
DUM_BW=34700848615.311287
DUM_JITTER=0.012961712063045567
DUM_LOST=47.601097242866174
