DUM_CLIENT_SYSTEM=4.573175
DUM_CLIENT_USER=0.349980
DUM_CLIENT_MEM=1455165120
DUM_SERVER_SYSTEM=3.699263
DUM_SERVER_USER=0.317902
DUM_SERVER_MEM=1234244069
DUM_BW=34682640565.587959
DUM_JITTER=1.2611084262278549
DUM_LOST=48.519876174198359
