DUS_CLIENT_SYSTEM=0.469385
DUS_CLIENT_USER=0.032287
DUS_CLIENT_MEM=1217528000
DUS_SERVER_SYSTEM=0.889292
DUS_SERVER_USER=0.099697
DUS_SERVER_MEM=1257049680
DUS_BW=9358506322.96798
DUS_JITTER=0.00424716698637613
DUS_LOST=4.5073770215393472
