DUS_CLIENT_SYSTEM=0.482005
DUS_CLIENT_USER=0.035401
DUS_CLIENT_MEM=1215667520
DUS_SERVER_SYSTEM=0.856598
DUS_SERVER_USER=0.105502
DUS_SERVER_MEM=1256501248
DUS_BW=8862033254.7904758
DUS_JITTER=0.0075691133370347783
DUS_LOST=4.07803005151064
