IDLE_CLIENT_SYSTEM=0.005000
IDLE_CLIENT_USER=0.012333
IDLE_CLIENT_MEM=1229645466
IDLE_SERVER_SYSTEM=0.007666
IDLE_SERVER_USER=0.018833
IDLE_SERVER_MEM=1262562287
