IDLE_CLIENT_SYSTEM=0.004833
IDLE_CLIENT_USER=0.014833
IDLE_CLIENT_MEM=1282840218
IDLE_SERVER_SYSTEM=0.009333
IDLE_SERVER_USER=0.014166
IDLE_SERVER_MEM=1255434727
