STM_CLIENT_SYSTEM=1.242957
STM_CLIENT_USER=0.028826
STM_CLIENT_MEM=1213453312
STM_SERVER_SYSTEM=1.691421
STM_SERVER_USER=0.048427
STM_SERVER_MEM=1223933520
STM_BW=38735379282.789818
STM_RTS=623747
