STM_CLIENT_SYSTEM=1.247748
STM_CLIENT_USER=0.026363
STM_CLIENT_MEM=1218869184
STM_SERVER_SYSTEM=1.881872
STM_SERVER_USER=0.046526
STM_SERVER_MEM=1212986314
STM_BW=38838331276.0767
STM_RTS=631879
