STS_CLIENT_SYSTEM=0.403802
STS_CLIENT_USER=0.017044
STS_CLIENT_MEM=1209097920
STS_SERVER_SYSTEM=0.651830
STS_SERVER_USER=0.018658
STS_SERVER_MEM=1207641141
STS_BW=22775553941.336121
STS_RTS=12105
