STS_CLIENT_SYSTEM=0.407611
STS_CLIENT_USER=0.013440
STS_CLIENT_MEM=1207981504
STS_SERVER_SYSTEM=0.472391
STS_SERVER_USER=0.022044
STS_SERVER_MEM=1217585313
STS_BW=20617395813.076233
STS_RTS=447
