SUM_CLIENT_SYSTEM=4.101619
SUM_CLIENT_USER=0.305055
SUM_CLIENT_MEM=1433031104
SUM_SERVER_SYSTEM=3.411867
SUM_SERVER_USER=0.267112
SUM_SERVER_MEM=1249900813
SUM_BW=34259713188.115273
SUM_JITTER=0.11011649346689492
SUM_LOST=40.0124307420089
