SUM_CLIENT_SYSTEM=4.055294
SUM_CLIENT_USER=0.293665
SUM_CLIENT_MEM=1392213760
SUM_SERVER_SYSTEM=3.670338
SUM_SERVER_USER=0.294563
SUM_SERVER_MEM=1242460860
SUM_BW=34528986714.0829
SUM_JITTER=0.02797944903006603
SUM_LOST=37.9798455414852
