SUS_CLIENT_SYSTEM=0.401009
SUS_CLIENT_USER=0.032284
SUS_CLIENT_MEM=1220172992
SUS_SERVER_SYSTEM=0.817442
SUS_SERVER_USER=0.099272
SUS_SERVER_MEM=1249885291
SUS_BW=8033538494.6289968
SUS_JITTER=0.00648561572362033
SUS_LOST=1.2053301314046643
