SUS_CLIENT_SYSTEM=0.397955
SUS_CLIENT_USER=0.032125
SUS_CLIENT_MEM=1200839360
SUS_SERVER_SYSTEM=0.689445
SUS_SERVER_USER=0.099207
SUS_SERVER_MEM=1259495747
SUS_BW=7754787584.7765951
SUS_JITTER=0.00921457046104662
SUS_LOST=1.4062027883181387
