DTM_CLIENT_SYSTEM=0.982235
DTM_CLIENT_USER=0.075153
DTM_CLIENT_MEM=1381912064
DTM_SERVER_SYSTEM=1.821729
DTM_SERVER_USER=0.135871
DTM_SERVER_MEM=1401472538
DTM_BW=39151484030.342476
DTM_RTS=33080
