DTM_CLIENT_SYSTEM=0.830903
DTM_CLIENT_USER=0.105829
DTM_CLIENT_MEM=1420692928
DTM_SERVER_SYSTEM=1.938173
DTM_SERVER_USER=0.099070
DTM_SERVER_MEM=1391736562
DTM_BW=39129313120.82753
DTM_RTS=52144
