DTS_CLIENT_SYSTEM=0.261222
DTS_CLIENT_USER=0.095541
DTS_CLIENT_MEM=1399455552
DTS_SERVER_SYSTEM=0.318081
DTS_SERVER_USER=0.065539
DTS_SERVER_MEM=1389286238
DTS_BW=11076424708.03993
DTS_RTS=6073
