DTS_CLIENT_SYSTEM=0.404779
DTS_CLIENT_USER=0.068009
DTS_CLIENT_MEM=1383141824
DTS_SERVER_SYSTEM=0.553833
DTS_SERVER_USER=0.091787
DTS_SERVER_MEM=1398132412
DTS_BW=20009579067.465755
DTS_RTS=19738
