DUM_CLIENT_SYSTEM=2.167773
DUM_CLIENT_USER=0.226919
DUM_CLIENT_MEM=1364677952
DUM_SERVER_SYSTEM=3.165897
DUM_SERVER_USER=0.274713
DUM_SERVER_MEM=1405325419
DUM_BW=28451645374.899067
DUM_JITTER=0.00659623816041851
DUM_LOST=0.52925040621783437
