DUM_CLIENT_SYSTEM=2.845233
DUM_CLIENT_USER=0.246999
DUM_CLIENT_MEM=1356993152
DUM_SERVER_SYSTEM=4.251249
DUM_SERVER_USER=0.347941
DUM_SERVER_MEM=1420054366
DUM_BW=34990144340.857841
DUM_JITTER=0.011635443342199608
DUM_LOST=7.3782100583830514
