DUS_CLIENT_SYSTEM=0.291095
DUS_CLIENT_USER=0.084083
DUS_CLIENT_MEM=1348027328
DUS_SERVER_SYSTEM=0.884543
DUS_SERVER_USER=0.169870
DUS_SERVER_MEM=1406485018
DUS_BW=7221522307.5808249
DUS_JITTER=0.00859453673414181
DUS_LOST=0.71421851988815144
