DUS_CLIENT_SYSTEM=0.314492
DUS_CLIENT_USER=0.122257
DUS_CLIENT_MEM=1386994688
DUS_SERVER_SYSTEM=0.857982
DUS_SERVER_USER=0.135642
DUS_SERVER_MEM=1411020530
DUS_BW=7223273742.36371
DUS_JITTER=0.0087098888392779343
DUS_LOST=0.68689098823158456
