IDLE_CLIENT_SYSTEM=0.045331
IDLE_CLIENT_USER=0.063663
IDLE_CLIENT_MEM=1395078550
IDLE_SERVER_SYSTEM=0.053997
IDLE_SERVER_USER=0.090495
IDLE_SERVER_MEM=1348553256
