IDLE_CLIENT_SYSTEM=0.055831
IDLE_CLIENT_USER=0.086830
IDLE_CLIENT_MEM=1353358579
IDLE_SERVER_SYSTEM=0.052666
IDLE_SERVER_USER=0.063499
IDLE_SERVER_MEM=1425245265
