STM_CLIENT_SYSTEM=1.002897
STM_CLIENT_USER=0.080369
STM_CLIENT_MEM=1405821056
STM_SERVER_SYSTEM=1.952845
STM_SERVER_USER=0.133801
STM_SERVER_MEM=1406207191
STM_BW=38588235336.2802
STM_RTS=57429
