STM_CLIENT_SYSTEM=0.842910
STM_CLIENT_USER=0.107881
STM_CLIENT_MEM=1425600064
STM_SERVER_SYSTEM=1.999621
STM_SERVER_USER=0.110684
STM_SERVER_MEM=1408031744
STM_BW=39027114361.831337
STM_RTS=79754
