STS_CLIENT_SYSTEM=0.468573
STS_CLIENT_USER=0.061624
STS_CLIENT_MEM=1381684544
STS_SERVER_SYSTEM=0.588140
STS_SERVER_USER=0.096128
STS_SERVER_MEM=1393324624
STS_BW=20310013208.774311
STS_RTS=2656
