STS_CLIENT_SYSTEM=0.260545
STS_CLIENT_USER=0.100285
STS_CLIENT_MEM=1403630400
STS_SERVER_SYSTEM=0.284569
STS_SERVER_USER=0.068367
STS_SERVER_MEM=1399057084
STS_BW=9100261989.59905
STS_RTS=36820
