SUM_CLIENT_SYSTEM=2.449090
SUM_CLIENT_USER=0.246236
SUM_CLIENT_MEM=1361463488
SUM_SERVER_SYSTEM=3.771271
SUM_SERVER_USER=0.319484
SUM_SERVER_MEM=1414355681
SUM_BW=35283664550.2535
SUM_JITTER=0.012147666339564213
SUM_LOST=10.219887330468692
