SUM_CLIENT_SYSTEM=2.754276
SUM_CLIENT_USER=0.278360
SUM_CLIENT_MEM=1381608064
SUM_SERVER_SYSTEM=3.681346
SUM_SERVER_USER=0.303518
SUM_SERVER_MEM=1404920346
SUM_BW=35378436013.001839
SUM_JITTER=0.010771746534192269
SUM_LOST=9.87750275349841
