SUS_CLIENT_SYSTEM=0.297757
SUS_CLIENT_USER=0.078659
SUS_CLIENT_MEM=1405286080
SUS_SERVER_SYSTEM=0.839513
SUS_SERVER_USER=0.164411
SUS_SERVER_MEM=1404612392
SUS_BW=7218465346.4280548
SUS_JITTER=0.00687013403847819
SUS_LOST=0.71284060734733723
