SUS_CLIENT_SYSTEM=0.303015
SUS_CLIENT_USER=0.110947
SUS_CLIENT_MEM=1377184640
SUS_SERVER_SYSTEM=0.838323
SUS_SERVER_USER=0.139269
SUS_SERVER_MEM=1403252789
SUS_BW=7226046129.2053
SUS_JITTER=0.0068108309932259871
SUS_LOST=0.66035134837073217
