DTM_CLIENT_SYSTEM=3.044795
DTM_CLIENT_USER=0.040604
DTM_CLIENT_MEM=1625779712
DTM_SERVER_SYSTEM=3.558529
DTM_SERVER_USER=0.058170
DTM_SERVER_MEM=1687557712
DTM_BW=8922053931.49356
DTM_RTS=72222
