DTM_CLIENT_SYSTEM=0.950775
DTM_CLIENT_USER=0.048636
DTM_CLIENT_MEM=1579646720
DTM_SERVER_SYSTEM=1.965858
DTM_SERVER_USER=0.088466
DTM_SERVER_MEM=1686660546
DTM_BW=39475666945.305779
DTM_RTS=23731
