DTS_CLIENT_SYSTEM=3.015454
DTS_CLIENT_USER=0.039824
DTS_CLIENT_MEM=1606762048
DTS_SERVER_SYSTEM=3.173160
DTS_SERVER_USER=0.042614
DTS_SERVER_MEM=1680425175
DTS_BW=9029756370.6742859
DTS_RTS=15385
