DTS_CLIENT_SYSTEM=0.443640
DTS_CLIENT_USER=0.037038
DTS_CLIENT_MEM=1602207680
DTS_SERVER_SYSTEM=0.620643
DTS_SERVER_USER=0.045076
DTS_SERVER_MEM=1660450438
DTS_BW=27292995971.213326
DTS_RTS=14928
