DUM_CLIENT_SYSTEM=2.495371
DUM_CLIENT_USER=0.193351
DUM_CLIENT_MEM=1559276096
DUM_SERVER_SYSTEM=3.686496
DUM_SERVER_USER=0.338825
DUM_SERVER_MEM=1719198720
DUM_BW=33871912068.817528
DUM_JITTER=0.011143106595485048
DUM_LOST=0.30707565670380949
