DUM_CLIENT_SYSTEM=7.457080
DUM_CLIENT_USER=0.095013
DUM_CLIENT_MEM=1684262144
DUM_SERVER_SYSTEM=4.651521
DUM_SERVER_USER=0.171602
DUM_SERVER_MEM=1690679511
DUM_BW=10723654886.447704
DUM_JITTER=0.055290196842440124
DUM_LOST=25.4195154061253
