DUS_CLIENT_SYSTEM=0.339939
DUS_CLIENT_USER=0.055892
DUS_CLIENT_MEM=1589894528
DUS_SERVER_SYSTEM=0.783510
DUS_SERVER_USER=0.114462
DUS_SERVER_MEM=1706263605
DUS_BW=7272862557.447875
DUS_JITTER=0.00854383488518406
DUS_LOST=0.60899840912318881
