DUS_CLIENT_SYSTEM=2.820618
DUS_CLIENT_USER=0.045563
DUS_CLIENT_MEM=1642150208
DUS_SERVER_SYSTEM=2.168794
DUS_SERVER_USER=0.103823
DUS_SERVER_MEM=1663501581
DUS_BW=3607875903.2681632
DUS_JITTER=0.00767804390904017
DUS_LOST=31.4417712907694
