IDLE_CLIENT_SYSTEM=0.018833
IDLE_CLIENT_USER=0.037665
IDLE_CLIENT_MEM=1561705715
IDLE_SERVER_SYSTEM=0.027999
IDLE_SERVER_USER=0.061165
IDLE_SERVER_MEM=1645471256
