IDLE_CLIENT_SYSTEM=0.027166
IDLE_CLIENT_USER=0.051832
IDLE_CLIENT_MEM=1561845239
IDLE_SERVER_SYSTEM=0.023666
IDLE_SERVER_USER=0.040999
IDLE_SERVER_MEM=1659635484
