STM_CLIENT_SYSTEM=3.041862
STM_CLIENT_USER=0.041093
STM_CLIENT_MEM=1588721024
STM_SERVER_SYSTEM=3.546803
STM_SERVER_USER=0.061539
STM_SERVER_MEM=1685916402
STM_BW=8944785702.093483
STM_RTS=69385
