STM_CLIENT_SYSTEM=0.978597
STM_CLIENT_USER=0.047653
STM_CLIENT_MEM=1581057152
STM_SERVER_SYSTEM=1.948604
STM_SERVER_USER=0.077771
STM_SERVER_MEM=1704016195
STM_BW=38847116701.94603
STM_RTS=36418
