STS_CLIENT_SYSTEM=2.970205
STS_CLIENT_USER=0.034417
STS_CLIENT_MEM=1579946432
STS_SERVER_SYSTEM=3.096274
STS_SERVER_USER=0.045150
STS_SERVER_MEM=1668378947
STS_BW=8815266169.5883
STS_RTS=14344
