STS_CLIENT_SYSTEM=0.422519
STS_CLIENT_USER=0.037860
STS_CLIENT_MEM=1572667840
STS_SERVER_SYSTEM=0.689301
STS_SERVER_USER=0.040714
STS_SERVER_MEM=1699994677
STS_BW=25933120447.6041
STS_RTS=21666
