SUM_CLIENT_SYSTEM=2.360604
SUM_CLIENT_USER=0.195966
SUM_CLIENT_MEM=1563864640
SUM_SERVER_SYSTEM=3.589938
SUM_SERVER_USER=0.295531
SUM_SERVER_MEM=1725868463
SUM_BW=32928507840.58704
SUM_JITTER=0.0060919953421324441
SUM_LOST=0.32943304946082325
