SUM_CLIENT_SYSTEM=7.481943
SUM_CLIENT_USER=0.094996
SUM_CLIENT_MEM=1681133504
SUM_SERVER_SYSTEM=4.041753
SUM_SERVER_USER=0.148692
SUM_SERVER_MEM=1696675570
SUM_BW=9518447841.63014
SUM_JITTER=0.059377153271562268
SUM_LOST=33.652265117545831
