SUS_CLIENT_SYSTEM=2.860584
SUS_CLIENT_USER=0.039332
SUS_CLIENT_MEM=1627648384
SUS_SERVER_SYSTEM=2.172884
SUS_SERVER_USER=0.096813
SUS_SERVER_MEM=1664884951
SUS_BW=3476413291.2868948
SUS_JITTER=0.00831216807301318
SUS_LOST=34.663149968027653
