SUS_CLIENT_SYSTEM=0.336480
SUS_CLIENT_USER=0.055889
SUS_CLIENT_MEM=1592593920
SUS_SERVER_SYSTEM=0.666820
SUS_SERVER_USER=0.104960
SUS_SERVER_MEM=1712380712
SUS_BW=7295221322.84209
SUS_JITTER=0.010906699656110845
SUS_LOST=0.31334845956866236
