DTM_CLIENT_SYSTEM=1.180611
DTM_CLIENT_USER=0.487066
DTM_CLIENT_MEM=2501276687
DTM_SERVER_SYSTEM=1.104684
DTM_SERVER_USER=0.463502
DTM_SERVER_MEM=2422119307
DTM_BW=9621745559.3233452
DTM_RTS=725
