DTS_CLIENT_SYSTEM=1.211357
DTS_CLIENT_USER=0.489361
DTS_CLIENT_MEM=2508997824
DTS_SERVER_SYSTEM=0.992926
DTS_SERVER_USER=0.403609
DTS_SERVER_MEM=2417354644
DTS_BW=9332211139.6238251
DTS_RTS=778
