DUM_CLIENT_SYSTEM=5.399652
DUM_CLIENT_USER=0.648044
DUM_CLIENT_MEM=2480326535
DUM_SERVER_SYSTEM=2.323829
DUM_SERVER_USER=0.573204
DUM_SERVER_MEM=2442077474
DUM_BW=6419378508.03644
DUM_JITTER=43.327901744339144
DUM_LOST=80.378993712350422
