DUS_CLIENT_SYSTEM=2.328706
DUS_CLIENT_USER=0.567992
DUS_CLIENT_MEM=2528920407
DUS_SERVER_SYSTEM=1.832153
DUS_SERVER_USER=0.526535
DUS_SERVER_MEM=2428619659
DUS_BW=7533166032.7440338
DUS_JITTER=0.30958883551512872
DUS_LOST=62.081237441164838
