IDLE_CLIENT_SYSTEM=0.062831
IDLE_CLIENT_USER=0.116496
IDLE_CLIENT_MEM=2467864315
IDLE_SERVER_SYSTEM=0.056831
IDLE_SERVER_USER=0.106830
IDLE_SERVER_MEM=2410011501
