STM_CLIENT_SYSTEM=0.991102
STM_CLIENT_USER=0.396566
STM_CLIENT_MEM=2494938267
STM_SERVER_SYSTEM=0.906013
STM_SERVER_USER=0.414806
STM_SERVER_MEM=2413442389
STM_BW=7482685359.5316429
STM_RTS=3010
