STS_CLIENT_SYSTEM=0.919976
STS_CLIENT_USER=0.382561
STS_CLIENT_MEM=2496755136
STS_SERVER_SYSTEM=0.971954
STS_SERVER_USER=0.428071
STS_SERVER_MEM=2424761559
STS_BW=7548143213.03634
STS_RTS=631
