SUM_CLIENT_SYSTEM=5.593651
SUM_CLIENT_USER=0.639135
SUM_CLIENT_MEM=2479161902
SUM_SERVER_SYSTEM=2.335282
SUM_SERVER_USER=0.568415
SUM_SERVER_MEM=2450040674
SUM_BW=6303265711.603857
SUM_JITTER=25.88355580767907
SUM_LOST=81.0217327582597
