SUS_CLIENT_SYSTEM=2.450153
SUS_CLIENT_USER=0.526107
SUS_CLIENT_MEM=2481967290
SUS_SERVER_SYSTEM=1.745885
SUS_SERVER_USER=0.528901
SUS_SERVER_MEM=2437179444
SUS_BW=6133202623.1901836
SUS_JITTER=1.3258688375164169
SUS_LOST=67.2862105953959
