DTM_CLIENT_SYSTEM=2.963763
DTM_CLIENT_USER=0.043228
DTM_CLIENT_MEM=1635174656
DTM_SERVER_SYSTEM=3.632917
DTM_SERVER_USER=0.051051
DTM_SERVER_MEM=1618646501
DTM_BW=8740063457.4753361
DTM_RTS=52592
