DTS_CLIENT_SYSTEM=2.883528
DTS_CLIENT_USER=0.041135
DTS_CLIENT_MEM=1678242304
DTS_SERVER_SYSTEM=3.043255
DTS_SERVER_USER=0.036406
DTS_SERVER_MEM=1620142457
DTS_BW=8509184069.7328844
DTS_RTS=6872
