DUM_CLIENT_SYSTEM=6.120963
DUM_CLIENT_USER=0.193168
DUM_CLIENT_MEM=1698516096
DUM_SERVER_SYSTEM=4.351523
DUM_SERVER_USER=0.157743
DUM_SERVER_MEM=1641684129
DUM_BW=9385150035.88257
DUM_JITTER=0.04389142445563507
DUM_LOST=70.3240038628417
