DUS_CLIENT_SYSTEM=2.253962
DUS_CLIENT_USER=0.043431
DUS_CLIENT_MEM=1605370880
DUS_SERVER_SYSTEM=2.320061
DUS_SERVER_USER=0.105027
DUS_SERVER_MEM=1616386209
DUS_BW=4275889522.2268562
DUS_JITTER=0.010431719802064445
DUS_LOST=17.6171670934816
