IDLE_CLIENT_SYSTEM=0.017666
IDLE_CLIENT_USER=0.031498
IDLE_CLIENT_MEM=1668359249
IDLE_SERVER_SYSTEM=0.019167
IDLE_SERVER_USER=0.035333
IDLE_SERVER_MEM=1585174594
