STM_CLIENT_SYSTEM=2.940753
STM_CLIENT_USER=0.042074
STM_CLIENT_MEM=1616844608
STM_SERVER_SYSTEM=3.620099
STM_SERVER_USER=0.051020
STM_SERVER_MEM=1618167592
STM_BW=8687610901.6707668
STM_RTS=52159
