STS_CLIENT_SYSTEM=2.854381
STS_CLIENT_USER=0.037519
STS_CLIENT_MEM=1605475648
STS_SERVER_SYSTEM=3.045926
STS_SERVER_USER=0.035317
STS_SERVER_MEM=1616507365
STS_BW=8449932389.68313
STS_RTS=7666
