SUM_CLIENT_SYSTEM=6.017814
SUM_CLIENT_USER=0.198602
SUM_CLIENT_MEM=1685121600
SUM_SERVER_SYSTEM=3.228831
SUM_SERVER_USER=0.138554
SUM_SERVER_MEM=1629202970
SUM_BW=6842592872.11986
SUM_JITTER=0.13838977088189722
SUM_LOST=78.5194532517918
