SUS_CLIENT_SYSTEM=2.252847
SUS_CLIENT_USER=0.041950
SUS_CLIENT_MEM=1594158208
SUS_SERVER_SYSTEM=2.344581
SUS_SERVER_USER=0.112749
SUS_SERVER_MEM=1615234964
SUS_BW=4409222967.0300217
SUS_JITTER=0.017582446221640173
SUS_LOST=13.048381834821049
