DTM_CLIENT_SYSTEM=1.244985
DTM_CLIENT_USER=0.056501
DTM_CLIENT_MEM=1731711360
DTM_SERVER_SYSTEM=1.710480
DTM_SERVER_USER=0.058418
DTM_SERVER_MEM=1615989706
DTM_BW=38499069700.4236
DTM_RTS=483067
