DTS_CLIENT_SYSTEM=0.462666
DTS_CLIENT_USER=0.037859
DTS_CLIENT_MEM=1725100864
DTS_SERVER_SYSTEM=0.482255
DTS_SERVER_USER=0.037180
DTS_SERVER_MEM=1602588294
DTS_BW=21314768276.52618
DTS_RTS=1211
