DUM_CLIENT_SYSTEM=4.556578
DUM_CLIENT_USER=0.334163
DUM_CLIENT_MEM=1909317248
DUM_SERVER_SYSTEM=3.923753
DUM_SERVER_USER=0.295300
DUM_SERVER_MEM=1632027270
DUM_BW=31361826908.706142
DUM_JITTER=0.0222256989387206
DUM_LOST=46.264958931198365
