DUS_CLIENT_SYSTEM=0.488233
DUS_CLIENT_USER=0.056543
DUS_CLIENT_MEM=1698680704
DUS_SERVER_SYSTEM=0.868177
DUS_SERVER_USER=0.120430
DUS_SERVER_MEM=1636413547
DUS_BW=9233426775.68062
DUS_JITTER=0.0064430105523588
DUS_LOST=12.329964821050003
