IDLE_CLIENT_SYSTEM=0.022999
IDLE_CLIENT_USER=0.031332
IDLE_CLIENT_MEM=1738584649
IDLE_SERVER_SYSTEM=0.017666
IDLE_SERVER_USER=0.029999
IDLE_SERVER_MEM=1634928737
