STM_CLIENT_SYSTEM=1.319275
STM_CLIENT_USER=0.055011
STM_CLIENT_MEM=1713371200
STM_SERVER_SYSTEM=1.783671
STM_SERVER_USER=0.057747
STM_SERVER_MEM=1638506657
STM_BW=38990255598.790863
STM_RTS=457299
