STS_CLIENT_SYSTEM=0.425385
STS_CLIENT_USER=0.035558
STS_CLIENT_MEM=1691201024
STS_SERVER_SYSTEM=0.640417
STS_SERVER_USER=0.036263
STS_SERVER_MEM=1611214524
STS_BW=19851696529.779827
STS_RTS=5234
