SUM_CLIENT_SYSTEM=4.412646
SUM_CLIENT_USER=0.331559
SUM_CLIENT_MEM=1914635264
SUM_SERVER_SYSTEM=3.712589
SUM_SERVER_USER=0.274666
SUM_SERVER_MEM=1643717847
SUM_BW=31928653247.303707
SUM_JITTER=0.016770913150739239
SUM_LOST=46.530728591965762
