SUS_CLIENT_SYSTEM=0.465749
SUS_CLIENT_USER=0.054900
SUS_CLIENT_MEM=1692360960
SUS_SERVER_SYSTEM=0.846928
SUS_SERVER_USER=0.118903
SUS_SERVER_MEM=1648647275
SUS_BW=9660249627.6077
SUS_JITTER=0.00601841546112525
SUS_LOST=3.7326554836206136
