DTM_CLIENT_SYSTEM=0.917637
DTM_CLIENT_USER=0.037505
DTM_CLIENT_MEM=1943244352
DTM_SERVER_SYSTEM=1.661210
DTM_SERVER_USER=0.055058
DTM_SERVER_MEM=1927163742
DTM_BW=39184402766.010078
DTM_RTS=42365
