DTM_CLIENT_SYSTEM=0.937889
DTM_CLIENT_USER=0.035216
DTM_CLIENT_MEM=1908631424
DTM_SERVER_SYSTEM=1.573920
DTM_SERVER_USER=0.059260
DTM_SERVER_MEM=1930023612
DTM_BW=39226548622.107857
DTM_RTS=18440
