DTS_CLIENT_SYSTEM=0.378073
DTS_CLIENT_USER=0.024582
DTS_CLIENT_MEM=1988127424
DTS_SERVER_SYSTEM=0.570405
DTS_SERVER_USER=0.022849
DTS_SERVER_MEM=1933656117
DTS_BW=21729897919.997234
DTS_RTS=18495
