DTS_CLIENT_SYSTEM=0.356481
DTS_CLIENT_USER=0.023765
DTS_CLIENT_MEM=1917818112
DTS_SERVER_SYSTEM=0.524849
DTS_SERVER_USER=0.028542
DTS_SERVER_MEM=1944728845
DTS_BW=21388266906.479893
DTS_RTS=24862
