DUM_CLIENT_SYSTEM=1.410857
DUM_CLIENT_USER=0.166590
DUM_CLIENT_MEM=1867740032
DUM_SERVER_SYSTEM=3.653802
DUM_SERVER_USER=0.255536
DUM_SERVER_MEM=1966909440
DUM_BW=30055963983.217155
DUM_JITTER=0.011086038110214943
DUM_LOST=4.18988335006417
