DUM_CLIENT_SYSTEM=1.569132
DUM_CLIENT_USER=0.179446
DUM_CLIENT_MEM=1943849408
DUM_SERVER_SYSTEM=3.907450
DUM_SERVER_USER=0.277703
DUM_SERVER_MEM=1966125109
DUM_BW=31801028658.859936
DUM_JITTER=0.011193106608410375
DUM_LOST=0.470372118663983
