DUS_CLIENT_SYSTEM=0.281734
DUS_CLIENT_USER=0.039990
DUS_CLIENT_MEM=1911566400
DUS_SERVER_SYSTEM=0.815520
DUS_SERVER_USER=0.107419
DUS_SERVER_MEM=1947002826
DUS_BW=6866282383.5191679
DUS_JITTER=0.00419212934945533
DUS_LOST=0.607223517778178
