DUS_CLIENT_SYSTEM=0.266190
DUS_CLIENT_USER=0.041469
DUS_CLIENT_MEM=1958617344
DUS_SERVER_SYSTEM=0.948857
DUS_SERVER_USER=0.097957
DUS_SERVER_MEM=1965214342
DUS_BW=7203258259.3091774
DUS_JITTER=0.00557326386381171
DUS_LOST=0.84831718933589828
