IDLE_CLIENT_SYSTEM=0.013666
IDLE_CLIENT_USER=0.028832
IDLE_CLIENT_MEM=2003846225
IDLE_SERVER_SYSTEM=0.010999
IDLE_SERVER_USER=0.021499
IDLE_SERVER_MEM=1997842789
