IDLE_CLIENT_SYSTEM=0.009333
IDLE_CLIENT_USER=0.023832
IDLE_CLIENT_MEM=1938956027
IDLE_SERVER_SYSTEM=0.011333
IDLE_SERVER_USER=0.027332
IDLE_SERVER_MEM=1984984275
