STM_CLIENT_SYSTEM=0.955944
STM_CLIENT_USER=0.039783
STM_CLIENT_MEM=1902671488
STM_SERVER_SYSTEM=1.722267
STM_SERVER_USER=0.055871
STM_SERVER_MEM=1915368825
STM_BW=39315707681.175331
STM_RTS=46428
