STM_CLIENT_SYSTEM=0.901932
STM_CLIENT_USER=0.037001
STM_CLIENT_MEM=1940664000
STM_SERVER_SYSTEM=1.542828
STM_SERVER_USER=0.050680
STM_SERVER_MEM=1913138876
STM_BW=39165324988.6467
STM_RTS=29517
