STS_CLIENT_SYSTEM=0.411846
STS_CLIENT_USER=0.023927
STS_CLIENT_MEM=1882541504
STS_SERVER_SYSTEM=0.662691
STS_SERVER_USER=0.025696
STS_SERVER_MEM=1895849067
STS_BW=23064699067.618912
STS_RTS=15199
