STS_CLIENT_SYSTEM=0.406130
STS_CLIENT_USER=0.021962
STS_CLIENT_MEM=1940885696
STS_SERVER_SYSTEM=0.603057
STS_SERVER_USER=0.024074
STS_SERVER_MEM=1925705512
STS_BW=22374876403.107136
STS_RTS=9078
