SUM_CLIENT_SYSTEM=1.559510
SUM_CLIENT_USER=0.179578
SUM_CLIENT_MEM=1880089024
SUM_SERVER_SYSTEM=3.425893
SUM_SERVER_USER=0.257662
SUM_SERVER_MEM=1966157824
SUM_BW=31676154824.701847
SUM_JITTER=0.0105992823577115
SUM_LOST=4.891492059873328
