SUM_CLIENT_SYSTEM=1.601049
SUM_CLIENT_USER=0.184320
SUM_CLIENT_MEM=1938782720
SUM_SERVER_SYSTEM=3.398328
SUM_SERVER_USER=0.241935
SUM_SERVER_MEM=1959393872
SUM_BW=30978254111.341583
SUM_JITTER=0.00802977719332415
SUM_LOST=3.0218202067023441
