SUS_CLIENT_SYSTEM=0.308305
SUS_CLIENT_USER=0.040321
SUS_CLIENT_MEM=1889219392
SUS_SERVER_SYSTEM=0.876239
SUS_SERVER_USER=0.111575
SUS_SERVER_MEM=1940146283
SUS_BW=7124361045.9515247
SUS_JITTER=0.0086279600546446955
SUS_LOST=0.73326304534765274
