SUS_CLIENT_SYSTEM=0.265526
SUS_CLIENT_USER=0.044746
SUS_CLIENT_MEM=1960203904
SUS_SERVER_SYSTEM=0.861083
SUS_SERVER_USER=0.103427
SUS_SERVER_MEM=1954186994
SUS_BW=7203653275.9662037
SUS_JITTER=0.0063996619030897341
SUS_LOST=1.0974707531708023
