DTM_CLIENT_SYSTEM=0.996938
DTM_CLIENT_USER=0.055349
DTM_CLIENT_MEM=1634352448
DTM_SERVER_SYSTEM=1.850504
DTM_SERVER_USER=0.087231
DTM_SERVER_MEM=1570725726
DTM_BW=39462516212.710762
DTM_RTS=35887
