DTM_CLIENT_SYSTEM=2.973597
DTM_CLIENT_USER=0.052249
DTM_CLIENT_MEM=1721376576
DTM_SERVER_SYSTEM=3.502881
DTM_SERVER_USER=0.052217
DTM_SERVER_MEM=1584567673
DTM_BW=8711941611.0790062
DTM_RTS=69200
