DTS_CLIENT_SYSTEM=0.453972
DTS_CLIENT_USER=0.045233
DTS_CLIENT_MEM=1651600768
DTS_SERVER_SYSTEM=0.555112
DTS_SERVER_USER=0.041275
DTS_SERVER_MEM=1574353758
DTS_BW=26655502849.750889
DTS_RTS=12473
