DTS_CLIENT_SYSTEM=2.982629
DTS_CLIENT_USER=0.056375
DTS_CLIENT_MEM=1711038656
DTS_SERVER_SYSTEM=3.123833
DTS_SERVER_USER=0.035029
DTS_SERVER_MEM=1582742743
DTS_BW=8802353917.56846
DTS_RTS=14805
