DUM_CLIENT_SYSTEM=2.207065
DUM_CLIENT_USER=0.188821
DUM_CLIENT_MEM=1615047808
DUM_SERVER_SYSTEM=3.469446
DUM_SERVER_USER=0.260097
DUM_SERVER_MEM=1580103194
DUM_BW=30902470862.861233
DUM_JITTER=0.0067288236270364619
DUM_LOST=0.31077315951449147
