DUM_CLIENT_SYSTEM=7.205504
DUM_CLIENT_USER=0.104349
DUM_CLIENT_MEM=1777950784
DUM_SERVER_SYSTEM=3.911479
DUM_SERVER_USER=0.140140
DUM_SERVER_MEM=1603299597
DUM_BW=9100120140.42117
DUM_JITTER=0.0816962711285868
DUM_LOST=35.452924418903727
