DUS_CLIENT_SYSTEM=2.835019
DUS_CLIENT_USER=0.055065
DUS_CLIENT_MEM=1788937984
DUS_SERVER_SYSTEM=2.193449
DUS_SERVER_USER=0.094844
DUS_SERVER_MEM=1569785209
DUS_BW=3688871212.787971
DUS_JITTER=0.029218331480688694
DUS_LOST=31.363182850987972
