DUS_CLIENT_SYSTEM=0.340594
DUS_CLIENT_USER=0.061137
DUS_CLIENT_MEM=1633566592
DUS_SERVER_SYSTEM=0.740004
DUS_SERVER_USER=0.119342
DUS_SERVER_MEM=1593957483
DUS_BW=7282996774.1854839
DUS_JITTER=0.0085355334925253969
DUS_LOST=0.4615838128019582
