IDLE_CLIENT_SYSTEM=0.019833
IDLE_CLIENT_USER=0.036665
IDLE_CLIENT_MEM=1604348391
IDLE_SERVER_SYSTEM=0.025999
IDLE_SERVER_USER=0.044332
IDLE_SERVER_MEM=1556188468
