STM_CLIENT_SYSTEM=0.974547
STM_CLIENT_USER=0.053559
STM_CLIENT_MEM=1616645248
STM_SERVER_SYSTEM=1.883801
STM_SERVER_USER=0.082922
STM_SERVER_MEM=1563471818
STM_BW=39531393004.444771
STM_RTS=34274
