STM_CLIENT_SYSTEM=3.012557
STM_CLIENT_USER=0.056155
STM_CLIENT_MEM=1692368640
STM_SERVER_SYSTEM=3.567545
STM_SERVER_USER=0.052748
STM_SERVER_MEM=1599937050
STM_BW=8788971472.5288143
STM_RTS=68892
