STS_CLIENT_SYSTEM=2.966568
STS_CLIENT_USER=0.049820
STS_CLIENT_MEM=1662776531
STS_SERVER_SYSTEM=3.085617
STS_SERVER_USER=0.032987
STS_SERVER_MEM=1575539873
STS_BW=8721801040.19844
STS_RTS=12519
