STS_CLIENT_SYSTEM=0.476713
STS_CLIENT_USER=0.035561
STS_CLIENT_MEM=1613203328
STS_SERVER_SYSTEM=0.635241
STS_SERVER_USER=0.039914
STS_SERVER_MEM=1574302396
STS_BW=30858647755.5921
STS_RTS=6182
