SUM_CLIENT_SYSTEM=7.345272
SUM_CLIENT_USER=0.101652
SUM_CLIENT_MEM=1773880768
SUM_SERVER_SYSTEM=2.879549
SUM_SERVER_USER=0.111371
SUM_SERVER_MEM=1594279289
SUM_BW=6877277119.7872763
SUM_JITTER=0.094447246107882521
SUM_LOST=51.577486762623117
