SUM_CLIENT_SYSTEM=2.289964
SUM_CLIENT_USER=0.189356
SUM_CLIENT_MEM=1617666496
SUM_SERVER_SYSTEM=3.299426
SUM_SERVER_USER=0.265123
SUM_SERVER_MEM=1605357514
SUM_BW=31695743770.273853
SUM_JITTER=0.0094257326176045847
SUM_LOST=4.3862169400959381
