SUS_CLIENT_SYSTEM=2.829821
SUS_CLIENT_USER=0.055557
SUS_CLIENT_MEM=1727125888
SUS_SERVER_SYSTEM=2.183959
SUS_SERVER_USER=0.092886
SUS_SERVER_MEM=1574125837
SUS_BW=3413012287.6025267
SUS_JITTER=0.00910509969545411
SUS_LOST=34.979020458016649
