SUS_CLIENT_SYSTEM=0.329908
SUS_CLIENT_USER=0.065556
SUS_CLIENT_MEM=1620923136
SUS_SERVER_SYSTEM=0.712672
SUS_SERVER_USER=0.111089
SUS_SERVER_MEM=1565927370
SUS_BW=7286259367.06643
SUS_JITTER=0.0087891876324383
SUS_LOST=0.421960152045092
