DTM_CLIENT_SYSTEM=1.215858
DTM_CLIENT_USER=0.034388
DTM_CLIENT_MEM=1243763136
DTM_SERVER_SYSTEM=1.668989
DTM_SERVER_USER=0.046673
DTM_SERVER_MEM=1250286969
DTM_BW=38898964138.4612
DTM_RTS=340289
