DTS_CLIENT_SYSTEM=0.346952
DTS_CLIENT_USER=0.021633
DTS_CLIENT_MEM=1227385664
DTS_SERVER_SYSTEM=0.601115
DTS_SERVER_USER=0.023817
DTS_SERVER_MEM=1242247545
DTS_BW=20601319199.044209
DTS_RTS=16664
