DUM_CLIENT_SYSTEM=1.937090
DUM_CLIENT_USER=0.235583
DUM_CLIENT_MEM=1269998976
DUM_SERVER_SYSTEM=4.017296
DUM_SERVER_USER=0.295989
DUM_SERVER_MEM=1274591717
DUM_BW=36307589585.2932
DUM_JITTER=0.00998213274657432
DUM_LOST=10.498170969230996
