DUS_CLIENT_SYSTEM=0.294855
DUS_CLIENT_USER=0.034583
DUS_CLIENT_MEM=1218955008
DUS_SERVER_SYSTEM=0.970314
DUS_SERVER_USER=0.105857
DUS_SERVER_MEM=1256380793
DUS_BW=7243659735.69248
DUS_JITTER=0.00460279288978429
DUS_LOST=0.2218361990920649
