IDLE_CLIENT_SYSTEM=0.011999
IDLE_CLIENT_USER=0.017166
IDLE_CLIENT_MEM=1239725722
IDLE_SERVER_SYSTEM=0.014500
IDLE_SERVER_USER=0.023333
IDLE_SERVER_MEM=1297026616
