STM_CLIENT_SYSTEM=1.225786
STM_CLIENT_USER=0.034877
STM_CLIENT_MEM=1225424192
STM_SERVER_SYSTEM=1.722663
STM_SERVER_USER=0.045465
STM_SERVER_MEM=1245786489
STM_BW=38825304051.364815
STM_RTS=400905
