STS_CLIENT_SYSTEM=0.373976
STS_CLIENT_USER=0.021468
STS_CLIENT_MEM=1192069632
STS_SERVER_SYSTEM=0.568554
STS_SERVER_USER=0.023532
STS_SERVER_MEM=1237134066
STS_BW=19700001667.507008
STS_RTS=1473
