SUM_CLIENT_SYSTEM=1.937866
SUM_CLIENT_USER=0.222233
SUM_CLIENT_MEM=1288686976
SUM_SERVER_SYSTEM=3.815679
SUM_SERVER_USER=0.297095
SUM_SERVER_MEM=1259962260
SUM_BW=35423322500.2545
SUM_JITTER=0.011948237333478284
SUM_LOST=12.315908384703054
