SUS_CLIENT_SYSTEM=0.296653
SUS_CLIENT_USER=0.038024
SUS_CLIENT_MEM=1208358528
SUS_SERVER_SYSTEM=0.803194
SUS_SERVER_USER=0.098267
SUS_SERVER_MEM=1275863471
SUS_BW=7684089202.0574341
SUS_JITTER=0.00705782433400827
SUS_LOST=0.15464001758681409
