DTM_CLIENT_SYSTEM=2.834679
DTM_CLIENT_USER=0.057821
DTM_CLIENT_MEM=1581493504
DTM_SERVER_SYSTEM=3.335770
DTM_SERVER_USER=0.052661
DTM_SERVER_MEM=1477043792
DTM_BW=8067919909.7088375
DTM_RTS=46192
