DTM_CLIENT_SYSTEM=1.177809
DTM_CLIENT_USER=0.053544
DTM_CLIENT_MEM=1543203584
DTM_SERVER_SYSTEM=1.718116
DTM_SERVER_USER=0.076295
DTM_SERVER_MEM=1507296309
DTM_BW=38869618487.185341
DTM_RTS=374436
