DTS_CLIENT_SYSTEM=2.717634
DTS_CLIENT_USER=0.053753
DTS_CLIENT_MEM=1595344960
DTS_SERVER_SYSTEM=2.162634
DTS_SERVER_USER=0.041816
DTS_SERVER_MEM=1466641623
DTS_BW=7770364541.22475
DTS_RTS=7598
