DTS_CLIENT_SYSTEM=0.380070
DTS_CLIENT_USER=0.046874
DTS_CLIENT_MEM=1520217024
DTS_SERVER_SYSTEM=0.512369
DTS_SERVER_USER=0.043577
DTS_SERVER_MEM=1490643213
DTS_BW=20477592631.427368
DTS_RTS=13469
