DUM_CLIENT_SYSTEM=4.178532
DUM_CLIENT_USER=0.346381
DUM_CLIENT_MEM=1734884608
DUM_SERVER_SYSTEM=3.398783
DUM_SERVER_USER=0.296416
DUM_SERVER_MEM=1518664326
DUM_BW=32142894376.699432
DUM_JITTER=0.027743870872462092
DUM_LOST=46.100612938303669
