DUM_CLIENT_SYSTEM=6.095623
DUM_CLIENT_USER=0.252572
DUM_CLIENT_MEM=1608152896
DUM_SERVER_SYSTEM=4.093050
DUM_SERVER_USER=0.157789
DUM_SERVER_MEM=1487733544
DUM_BW=9067558608.7930851
DUM_JITTER=0.059420747878510316
DUM_LOST=76.7313869576395
