DUS_CLIENT_SYSTEM=0.399240
DUS_CLIENT_USER=0.065229
DUS_CLIENT_MEM=1493602176
DUS_SERVER_SYSTEM=1.018465
DUS_SERVER_USER=0.140548
DUS_SERVER_MEM=1496434551
DUS_BW=7636136801.5560369
DUS_JITTER=0.0037978837356002814
DUS_LOST=30.232028269164065
