DUS_CLIENT_SYSTEM=2.238229
DUS_CLIENT_USER=0.051789
DUS_CLIENT_MEM=1542984384
DUS_SERVER_SYSTEM=2.016204
DUS_SERVER_USER=0.097388
DUS_SERVER_MEM=1466917349
DUS_BW=3868068712.7624221
DUS_JITTER=0.0089578211810105533
DUS_LOST=22.194971415657417
