IDLE_CLIENT_SYSTEM=0.025665
IDLE_CLIENT_USER=0.040498
IDLE_CLIENT_MEM=1468442396
IDLE_SERVER_SYSTEM=0.025666
IDLE_SERVER_USER=0.050665
IDLE_SERVER_MEM=1499971909
