IDLE_CLIENT_SYSTEM=0.026500
IDLE_CLIENT_USER=0.052833
IDLE_CLIENT_MEM=1550143157
IDLE_SERVER_SYSTEM=0.034166
IDLE_SERVER_USER=0.050332
IDLE_SERVER_MEM=1432952311
