STM_CLIENT_SYSTEM=1.262209
STM_CLIENT_USER=0.059125
STM_CLIENT_MEM=1557254208
STM_SERVER_SYSTEM=1.917402
STM_SERVER_USER=0.066598
STM_SERVER_MEM=1514308122
STM_BW=39004077461.112282
STM_RTS=442432
