STM_CLIENT_SYSTEM=2.802594
STM_CLIENT_USER=0.061403
STM_CLIENT_MEM=1550765568
STM_SERVER_SYSTEM=3.336402
STM_SERVER_USER=0.052525
STM_SERVER_MEM=1471029140
STM_BW=7969657123.6117659
STM_RTS=43884
