STS_CLIENT_SYSTEM=0.394461
STS_CLIENT_USER=0.043428
STS_CLIENT_MEM=1502005312
STS_SERVER_SYSTEM=0.547951
STS_SERVER_USER=0.044366
STS_SERVER_MEM=1498376461
STS_BW=21424533579.765846
STS_RTS=11141
