STS_CLIENT_SYSTEM=2.721656
STS_CLIENT_USER=0.056705
STS_CLIENT_MEM=1564293824
STS_SERVER_SYSTEM=2.180992
STS_SERVER_USER=0.045302
STS_SERVER_MEM=1465540931
STS_BW=7738421749.437273
STS_RTS=7017
