SUM_CLIENT_SYSTEM=4.191699
SUM_CLIENT_USER=0.339372
SUM_CLIENT_MEM=1724099264
SUM_SERVER_SYSTEM=3.768793
SUM_SERVER_USER=0.332075
SUM_SERVER_MEM=1522137680
SUM_BW=31170867310.417568
SUM_JITTER=0.025636394798667351
SUM_LOST=47.987484289185154
