SUM_CLIENT_SYSTEM=5.909910
SUM_CLIENT_USER=0.256511
SUM_CLIENT_MEM=1604661888
SUM_SERVER_SYSTEM=3.978643
SUM_SERVER_USER=0.164034
SUM_SERVER_MEM=1474558167
SUM_BW=9012048093.76688
SUM_JITTER=0.03214951910550063
SUM_LOST=76.80534414274716
