SUS_CLIENT_SYSTEM=2.160359
SUS_CLIENT_USER=0.053759
SUS_CLIENT_MEM=1516439232
SUS_SERVER_SYSTEM=2.074757
SUS_SERVER_USER=0.102039
SUS_SERVER_MEM=1461696458
SUS_BW=3380225984.954165
SUS_JITTER=0.010276870691733343
SUS_LOST=31.045549860486659
