SUS_CLIENT_SYSTEM=0.430885
SUS_CLIENT_USER=0.062281
SUS_CLIENT_MEM=1500906560
SUS_SERVER_SYSTEM=0.966952
SUS_SERVER_USER=0.140475
SUS_SERVER_MEM=1511347631
SUS_BW=8544469563.3017683
SUS_JITTER=0.0068297595783995968
SUS_LOST=10.667056976077838
