DTM_CLIENT_SYSTEM=3.004782
DTM_CLIENT_USER=0.039465
DTM_CLIENT_MEM=1656243776
DTM_SERVER_SYSTEM=3.546916
DTM_SERVER_USER=0.056429
DTM_SERVER_MEM=1577696794
DTM_BW=8928214090.9553852
DTM_RTS=68733
