DTM_CLIENT_SYSTEM=0.999574
DTM_CLIENT_USER=0.057334
DTM_CLIENT_MEM=1622722560
DTM_SERVER_SYSTEM=2.082989
DTM_SERVER_USER=0.074682
DTM_SERVER_MEM=1584419354
DTM_BW=39538214381.992249
DTM_RTS=42948
