DTS_CLIENT_SYSTEM=0.432851
DTS_CLIENT_USER=0.048350
DTS_CLIENT_MEM=1624378112
DTS_SERVER_SYSTEM=0.719910
DTS_SERVER_USER=0.039101
DTS_SERVER_MEM=1569893753
DTS_BW=25056006892.0476
DTS_RTS=31361
