DTS_CLIENT_SYSTEM=2.992904
DTS_CLIENT_USER=0.038347
DTS_CLIENT_MEM=1651321024
DTS_SERVER_SYSTEM=3.040537
DTS_SERVER_USER=0.037344
DTS_SERVER_MEM=1591234398
DTS_BW=8882430641.40284
DTS_RTS=14612
