DUM_CLIENT_SYSTEM=7.420935
DUM_CLIENT_USER=0.089752
DUM_CLIENT_MEM=1719065088
DUM_SERVER_SYSTEM=4.285115
DUM_SERVER_USER=0.153122
DUM_SERVER_MEM=1592067503
DUM_BW=10190482994.700783
DUM_JITTER=0.073998232402776934
DUM_LOST=29.3409609897175
