DUM_CLIENT_SYSTEM=2.308247
DUM_CLIENT_USER=0.204122
DUM_CLIENT_MEM=1609038016
DUM_SERVER_SYSTEM=3.789418
DUM_SERVER_USER=0.313316
DUM_SERVER_MEM=1602326528
DUM_BW=32714227759.639225
DUM_JITTER=0.0064088429935105157
DUM_LOST=0.16707463526304109
