DUS_CLIENT_SYSTEM=0.353882
DUS_CLIENT_USER=0.064253
DUS_CLIENT_MEM=1627512640
DUS_SERVER_SYSTEM=0.735276
DUS_SERVER_USER=0.114545
DUS_SERVER_MEM=1596044449
DUS_BW=7284659746.0965815
DUS_JITTER=0.0083122431405701
DUS_LOST=0.44199776504138177
