DUS_CLIENT_SYSTEM=2.876225
DUS_CLIENT_USER=0.040810
DUS_CLIENT_MEM=1670240960
DUS_SERVER_SYSTEM=2.227468
DUS_SERVER_USER=0.101316
DUS_SERVER_MEM=1567939152
DUS_BW=3633938869.46078
DUS_JITTER=0.038792386902726725
DUS_LOST=32.745737063151779
