IDLE_CLIENT_SYSTEM=0.014666
IDLE_CLIENT_USER=0.035999
IDLE_CLIENT_MEM=1592266619
IDLE_SERVER_SYSTEM=0.023332
IDLE_SERVER_USER=0.044498
IDLE_SERVER_MEM=1570880755
