IDLE_CLIENT_SYSTEM=0.021832
IDLE_CLIENT_USER=0.038665
IDLE_CLIENT_MEM=1595577555
IDLE_SERVER_SYSTEM=0.026832
IDLE_SERVER_USER=0.042332
IDLE_SERVER_MEM=1560949906
