STM_CLIENT_SYSTEM=0.995694
STM_CLIENT_USER=0.060410
STM_CLIENT_MEM=1641282560
STM_SERVER_SYSTEM=2.017311
STM_SERVER_USER=0.076819
STM_SERVER_MEM=1566868857
STM_BW=39386723673.559578
STM_RTS=35153
