STM_CLIENT_SYSTEM=2.972106
STM_CLIENT_USER=0.040761
STM_CLIENT_MEM=1617950528
STM_SERVER_SYSTEM=3.435483
STM_SERVER_USER=0.055337
STM_SERVER_MEM=1592601492
STM_BW=8752211959.2497139
STM_RTS=71768
