STS_CLIENT_SYSTEM=2.957370
STS_CLIENT_USER=0.035866
STS_CLIENT_MEM=1610406464
STS_SERVER_SYSTEM=3.031111
STS_SERVER_USER=0.040597
STS_SERVER_MEM=1579401647
STS_BW=8751217855.20897
STS_RTS=16859
