STS_CLIENT_SYSTEM=0.428520
STS_CLIENT_USER=0.040967
STS_CLIENT_MEM=1622580032
STS_SERVER_SYSTEM=0.799475
STS_SERVER_USER=0.039913
STS_SERVER_MEM=1563398575
STS_BW=28023764957.359932
STS_RTS=24328
