SUM_CLIENT_SYSTEM=2.348604
SUM_CLIENT_USER=0.190556
SUM_CLIENT_MEM=1621464640
SUM_SERVER_SYSTEM=3.398196
SUM_SERVER_USER=0.275453
SUM_SERVER_MEM=1599357682
SUM_BW=28213653790.493484
SUM_JITTER=0.010937678253952763
SUM_LOST=13.477322628507203
