SUM_CLIENT_SYSTEM=7.397583
SUM_CLIENT_USER=0.098078
SUM_CLIENT_MEM=1708917504
SUM_SERVER_SYSTEM=4.592672
SUM_SERVER_USER=0.165555
SUM_SERVER_MEM=1603397847
SUM_BW=10570200019.8639
SUM_JITTER=0.072377900720623764
SUM_LOST=26.7705316038273
