SUS_CLIENT_SYSTEM=0.353028
SUS_CLIENT_USER=0.066541
SUS_CLIENT_MEM=1630035776
SUS_SERVER_SYSTEM=0.978501
SUS_SERVER_USER=0.115953
SUS_SERVER_MEM=1600365460
SUS_BW=7295234950.7507668
SUS_JITTER=0.00842591437034721
SUS_LOST=0.3021208285510506
