SUS_CLIENT_SYSTEM=2.860093
SUS_CLIENT_USER=0.036710
SUS_CLIENT_MEM=1685757056
SUS_SERVER_SYSTEM=2.162948
SUS_SERVER_USER=0.094977
SUS_SERVER_MEM=1571486396
SUS_BW=3518962669.5256639
SUS_JITTER=0.0086811195163158956
SUS_LOST=34.034474424093354
