DTM_CLIENT_SYSTEM=0.724576
DTM_CLIENT_USER=0.042892
DTM_CLIENT_MEM=1350885760
DTM_SERVER_SYSTEM=1.613637
DTM_SERVER_USER=0.064556
DTM_SERVER_MEM=1373770213
DTM_BW=28454307058.395477
DTM_RTS=721327
