DTM_CLIENT_SYSTEM=1.087270
DTM_CLIENT_USER=0.047500
DTM_CLIENT_MEM=1342735360
DTM_SERVER_SYSTEM=1.609612
DTM_SERVER_USER=0.051958
DTM_SERVER_MEM=1298368512
DTM_BW=38163322981.513245
DTM_RTS=177209
