DTS_CLIENT_SYSTEM=0.287620
DTS_CLIENT_USER=0.036219
DTS_CLIENT_MEM=1327277056
DTS_SERVER_SYSTEM=0.428017
DTS_SERVER_USER=0.032341
DTS_SERVER_MEM=1268643786
DTS_BW=15369047998.80187
DTS_RTS=11032
