DTS_CLIENT_SYSTEM=0.246984
DTS_CLIENT_USER=0.034417
DTS_CLIENT_MEM=1330756928
DTS_SERVER_SYSTEM=0.412666
DTS_SERVER_USER=0.051465
DTS_SERVER_MEM=1372432114
DTS_BW=8818378548.61431
DTS_RTS=140397
