DUM_CLIENT_SYSTEM=1.670709
DUM_CLIENT_USER=0.205971
DUM_CLIENT_MEM=1301892864
DUM_SERVER_SYSTEM=3.850994
DUM_SERVER_USER=0.290787
DUM_SERVER_MEM=1327365120
DUM_BW=29997854669.442055
DUM_JITTER=0.011089893374936096
DUM_LOST=14.064406588071382
