DUM_CLIENT_SYSTEM=1.528308
DUM_CLIENT_USER=0.278083
DUM_CLIENT_MEM=1323757312
DUM_SERVER_SYSTEM=3.183911
DUM_SERVER_USER=0.402356
DUM_SERVER_MEM=1377996800
DUM_BW=6966868983.12617
DUM_JITTER=0.010474367654392426
DUM_LOST=7.1180220945556378
