DUS_CLIENT_SYSTEM=0.195516
DUS_CLIENT_USER=0.045888
DUS_CLIENT_MEM=1325010432
DUS_SERVER_SYSTEM=0.528296
DUS_SERVER_USER=0.095402
DUS_SERVER_MEM=1376174672
DUS_BW=1142512413.4292185
DUS_JITTER=0.013037262018147637
DUS_LOST=0.54550878328130448
