DUS_CLIENT_SYSTEM=0.256671
DUS_CLIENT_USER=0.043926
DUS_CLIENT_MEM=1319293440
DUS_SERVER_SYSTEM=0.790275
DUS_SERVER_USER=0.108565
DUS_SERVER_MEM=1293175248
DUS_BW=6160763515.56275
DUS_JITTER=0.01030045505094478
DUS_LOST=0.772031896307764
