IDLE_CLIENT_SYSTEM=0.020666
IDLE_CLIENT_USER=0.029499
IDLE_CLIENT_MEM=1298373095
IDLE_SERVER_SYSTEM=0.021666
IDLE_SERVER_USER=0.037832
IDLE_SERVER_MEM=1268049627
