IDLE_CLIENT_SYSTEM=0.017666
IDLE_CLIENT_USER=0.032332
IDLE_CLIENT_MEM=1293378446
IDLE_SERVER_SYSTEM=0.026332
IDLE_SERVER_USER=0.044665
IDLE_SERVER_MEM=1353577943
