STM_CLIENT_SYSTEM=0.754961
STM_CLIENT_USER=0.040441
STM_CLIENT_MEM=1353418880
STM_SERVER_SYSTEM=1.745987
STM_SERVER_USER=0.068897
STM_SERVER_MEM=1379199946
STM_BW=28460059709.821457
STM_RTS=809301
