STM_CLIENT_SYSTEM=1.154129
STM_CLIENT_USER=0.046984
STM_CLIENT_MEM=1336677760
STM_SERVER_SYSTEM=1.686946
STM_SERVER_USER=0.052649
STM_SERVER_MEM=1316552919
STM_BW=38855467026.242683
STM_RTS=163201
