STS_CLIENT_SYSTEM=0.234517
STS_CLIENT_USER=0.029499
STS_CLIENT_MEM=1325489536
STS_SERVER_SYSTEM=0.390488
STS_SERVER_USER=0.047102
STS_SERVER_MEM=1353391858
STS_BW=8227258551.37079
STS_RTS=203415
