STS_CLIENT_SYSTEM=0.282216
STS_CLIENT_USER=0.032942
STS_CLIENT_MEM=1313233280
STS_SERVER_SYSTEM=0.443750
STS_SERVER_USER=0.031378
STS_SERVER_MEM=1295954243
STS_BW=15292385831.320318
STS_RTS=12095
