SUM_CLIENT_SYSTEM=1.620191
SUM_CLIENT_USER=0.214627
SUM_CLIENT_MEM=1307786752
SUM_SERVER_SYSTEM=3.769291
SUM_SERVER_USER=0.289977
SUM_SERVER_MEM=1310604180
SUM_BW=31331832836.932308
SUM_JITTER=0.01250514641652742
SUM_LOST=10.455207759992478
