SUM_CLIENT_SYSTEM=1.489431
SUM_CLIENT_USER=0.268841
SUM_CLIENT_MEM=1342858176
SUM_SERVER_SYSTEM=2.674979
SUM_SERVER_USER=0.315842
SUM_SERVER_MEM=1395780284
SUM_BW=5497914909.5221548
SUM_JITTER=0.007628407387323303
SUM_LOST=28.0945454198941
