SUS_CLIENT_SYSTEM=0.198315
SUS_CLIENT_USER=0.044252
SUS_CLIENT_MEM=1316423680
SUS_SERVER_SYSTEM=0.711926
SUS_SERVER_USER=0.119963
SUS_SERVER_MEM=1384148291
SUS_BW=1112538205.0433319
SUS_JITTER=0.0076965207125925163
SUS_LOST=1.668778035935141
