SUS_CLIENT_SYSTEM=0.243695
SUS_CLIENT_USER=0.043429
SUS_CLIENT_MEM=1326507840
SUS_SERVER_SYSTEM=0.867494
SUS_SERVER_USER=0.118012
SUS_SERVER_MEM=1289551548
SUS_BW=6050605464.4520226
SUS_JITTER=0.00935485461347193
SUS_LOST=0.73312270369969545
