DTM_CLIENT_SYSTEM=0.914543
DTM_CLIENT_USER=0.017370
DTM_CLIENT_MEM=1073196672
DTM_SERVER_SYSTEM=1.747410
DTM_SERVER_USER=0.047202
DTM_SERVER_MEM=1041639100
DTM_BW=39592019811.1303
DTM_RTS=1088
