DTS_CLIENT_SYSTEM=0.939697
DTS_CLIENT_USER=0.004262
DTS_CLIENT_MEM=1108846336
DTS_SERVER_SYSTEM=0.625583
DTS_SERVER_USER=0.006223
DTS_SERVER_MEM=1059118780
DTS_BW=31924635315.110092
DTS_RTS=6810
