DUM_CLIENT_SYSTEM=4.332284
DUM_CLIENT_USER=0.207821
DUM_CLIENT_MEM=1066308160
DUM_SERVER_SYSTEM=3.832869
DUM_SERVER_USER=0.321062
DUM_SERVER_MEM=1071237928
DUM_BW=39193929211.1517
DUM_JITTER=0.0125892035865811
DUM_LOST=0.15338228359553288
