DUS_CLIENT_SYSTEM=0.569935
DUS_CLIENT_USER=0.034750
DUS_CLIENT_MEM=1078299328
DUS_SERVER_SYSTEM=0.720192
DUS_SERVER_USER=0.087554
DUS_SERVER_MEM=1065802913
DUS_BW=7318181082.3057556
DUS_JITTER=0.00916988506689669
DUS_LOST=0.436553428858071
