IDLE_CLIENT_SYSTEM=0.002667
IDLE_CLIENT_USER=0.003000
IDLE_CLIENT_MEM=1093850541
IDLE_SERVER_SYSTEM=0.002000
IDLE_SERVER_USER=0.002167
IDLE_SERVER_MEM=1090971317
