DTM_CLIENT_SYSTEM=2.895059
DTM_CLIENT_USER=0.031014
DTM_CLIENT_MEM=1611124096
DTM_SERVER_SYSTEM=3.218713
DTM_SERVER_USER=0.032749
DTM_SERVER_MEM=1604033428
DTM_BW=8563893067.38246
DTM_RTS=66703
