DTM_CLIENT_SYSTEM=3.771298
DTM_CLIENT_USER=0.024083
DTM_CLIENT_MEM=1706291840
DTM_SERVER_SYSTEM=3.295716
DTM_SERVER_USER=0.036129
DTM_SERVER_MEM=1635502403
DTM_BW=8469923120.4845629
DTM_RTS=40747
