DTS_CLIENT_SYSTEM=3.111869
DTS_CLIENT_USER=0.013275
DTS_CLIENT_MEM=1735832384
DTS_SERVER_SYSTEM=2.664007
DTS_SERVER_USER=0.020015
DTS_SERVER_MEM=1623197318
DTS_BW=9139674726.3580647
DTS_RTS=25022
