DTS_CLIENT_SYSTEM=2.874725
DTS_CLIENT_USER=0.027369
DTS_CLIENT_MEM=1647839680
DTS_SERVER_SYSTEM=3.005101
DTS_SERVER_USER=0.021921
DTS_SERVER_MEM=1614404554
DTS_BW=8785065638.9438
DTS_RTS=16052
