DUM_CLIENT_SYSTEM=7.629212
DUM_CLIENT_USER=0.097636
DUM_CLIENT_MEM=1672154368
DUM_SERVER_SYSTEM=4.873506
DUM_SERVER_USER=0.157830
DUM_SERVER_MEM=1616959919
DUM_BW=11461455286.1781
DUM_JITTER=0.056318164145663339
DUM_LOST=25.854476651481292
