DUM_CLIENT_SYSTEM=8.029087
DUM_CLIENT_USER=0.093354
DUM_CLIENT_MEM=1718182528
DUM_SERVER_SYSTEM=3.552525
DUM_SERVER_USER=0.130027
DUM_SERVER_MEM=1621219543
DUM_BW=7942611588.96481
DUM_JITTER=0.047905449276384529
DUM_LOST=40.9757429844632
