DUS_CLIENT_SYSTEM=2.879361
DUS_CLIENT_USER=0.030811
DUS_CLIENT_MEM=1636117632
DUS_SERVER_SYSTEM=2.334177
DUS_SERVER_USER=0.097714
DUS_SERVER_MEM=1592602677
DUS_BW=4457945321.60621
DUS_JITTER=0.011217289397238126
DUS_LOST=19.556667431229364
