DUS_CLIENT_SYSTEM=2.413426
DUS_CLIENT_USER=0.039989
DUS_CLIENT_MEM=1677124559
DUS_SERVER_SYSTEM=1.265989
DUS_SERVER_USER=0.058474
DUS_SERVER_MEM=1598667398
DUS_BW=4060390772.3247609
DUS_JITTER=0.0068453486026421838
DUS_LOST=0.50994333322770136
