IDLE_CLIENT_SYSTEM=0.011666
IDLE_CLIENT_USER=0.026332
IDLE_CLIENT_MEM=1630095457
IDLE_SERVER_SYSTEM=0.012166
IDLE_SERVER_USER=0.025499
IDLE_SERVER_MEM=1675995883
