IDLE_CLIENT_SYSTEM=0.016666
IDLE_CLIENT_USER=0.032998
IDLE_CLIENT_MEM=1720482279
IDLE_SERVER_SYSTEM=0.014500
IDLE_SERVER_USER=0.024333
IDLE_SERVER_MEM=1665327559
