STM_CLIENT_SYSTEM=3.732558
STM_CLIENT_USER=0.024075
STM_CLIENT_MEM=1689714432
STM_SERVER_SYSTEM=3.098670
STM_SERVER_USER=0.032615
STM_SERVER_MEM=1619888451
STM_BW=8243286875.97388
STM_RTS=39903
