STM_CLIENT_SYSTEM=2.824076
STM_CLIENT_USER=0.029793
STM_CLIENT_MEM=1564294016
STM_SERVER_SYSTEM=3.277808
STM_SERVER_USER=0.031800
STM_SERVER_MEM=1609062561
STM_BW=8630010491.5781345
STM_RTS=65619
