STS_CLIENT_SYSTEM=2.893732
STS_CLIENT_USER=0.024416
STS_CLIENT_MEM=1560782528
STS_SERVER_SYSTEM=2.983569
STS_SERVER_USER=0.022449
STS_SERVER_MEM=1596733871
STS_BW=8675315652.57015
STS_RTS=18668
