STS_CLIENT_SYSTEM=3.173818
STS_CLIENT_USER=0.017700
STS_CLIENT_MEM=1698330560
STS_SERVER_SYSTEM=2.560182
STS_SERVER_USER=0.021380
STS_SERVER_MEM=1621232262
STS_BW=8800347398.1864262
STS_RTS=25778
