SUM_CLIENT_SYSTEM=7.914797
SUM_CLIENT_USER=0.091231
SUM_CLIENT_MEM=1716045696
SUM_SERVER_SYSTEM=3.679176
SUM_SERVER_USER=0.125954
SUM_SERVER_MEM=1647353909
SUM_BW=8689040192.9058456
SUM_JITTER=0.0786211025201769
SUM_LOST=34.692667326509223
