SUM_CLIENT_SYSTEM=7.581477
SUM_CLIENT_USER=0.084090
SUM_CLIENT_MEM=1667824256
SUM_SERVER_SYSTEM=3.255257
SUM_SERVER_USER=0.121106
SUM_SERVER_MEM=1619946496
SUM_BW=7534150218.9765959
SUM_JITTER=0.057526275890530221
SUM_LOST=49.42708747166553
