SUS_CLIENT_SYSTEM=2.861403
SUS_CLIENT_USER=0.030643
SUS_CLIENT_MEM=1616090112
SUS_SERVER_SYSTEM=2.159379
SUS_SERVER_USER=0.089867
SUS_SERVER_MEM=1598788284
SUS_BW=4135527760.0518188
SUS_JITTER=0.045489458273916941
SUS_LOST=20.353535940072817
