SUS_CLIENT_SYSTEM=2.513152
SUS_CLIENT_USER=0.036546
SUS_CLIENT_MEM=1685734080
SUS_SERVER_SYSTEM=1.391170
SUS_SERVER_USER=0.062915
SUS_SERVER_MEM=1592765386
SUS_BW=4352330859.196312
SUS_JITTER=0.010172823067770644
SUS_LOST=0.623253082038435
