DTM_CLIENT_SYSTEM=3.791641
DTM_CLIENT_USER=0.026041
DTM_CLIENT_MEM=1649429248
DTM_SERVER_SYSTEM=3.381286
DTM_SERVER_USER=0.039111
DTM_SERVER_MEM=1639182551
DTM_BW=8505416268.9453363
DTM_RTS=42775
