DTM_CLIENT_SYSTEM=2.706614
DTM_CLIENT_USER=0.030288
DTM_CLIENT_MEM=1621479040
DTM_SERVER_SYSTEM=2.942243
DTM_SERVER_USER=0.032486
DTM_SERVER_MEM=1618971863
DTM_BW=8064963623.9971085
DTM_RTS=53171
