DTS_CLIENT_SYSTEM=3.081764
DTS_CLIENT_USER=0.013931
DTS_CLIENT_MEM=1681943040
DTS_SERVER_SYSTEM=2.482760
DTS_SERVER_USER=0.022176
DTS_SERVER_MEM=1636382989
DTS_BW=8749466123.3053837
DTS_RTS=26069
