DTS_CLIENT_SYSTEM=2.903321
DTS_CLIENT_USER=0.028584
DTS_CLIENT_MEM=1642337600
DTS_SERVER_SYSTEM=2.947059
DTS_SERVER_USER=0.028419
DTS_SERVER_MEM=1626594465
DTS_BW=8979470102.85534
DTS_RTS=13404
