DUM_CLIENT_SYSTEM=7.889711
DUM_CLIENT_USER=0.094357
DUM_CLIENT_MEM=1669046016
DUM_SERVER_SYSTEM=4.118188
DUM_SERVER_USER=0.147668
DUM_SERVER_MEM=1648071733
DUM_BW=9681496481.09369
DUM_JITTER=0.054195597803199179
DUM_LOST=36.688182413403766
