DUM_CLIENT_SYSTEM=7.688743
DUM_CLIENT_USER=0.090072
DUM_CLIENT_MEM=1654955840
DUM_SERVER_SYSTEM=2.500981
DUM_SERVER_USER=0.103288
DUM_SERVER_MEM=1634197665
DUM_BW=5226273522.05533
DUM_JITTER=0.097032616133881547
DUM_LOST=60.14497743980376
