DUS_CLIENT_SYSTEM=2.451816
DUS_CLIENT_USER=0.036384
DUS_CLIENT_MEM=1638450880
DUS_SERVER_SYSTEM=1.285952
DUS_SERVER_USER=0.057388
DUS_SERVER_MEM=1596102548
DUS_BW=4016402311.1273
DUS_JITTER=0.011718004248736641
DUS_LOST=0.58490542976391346
