DUS_CLIENT_SYSTEM=2.893757
DUS_CLIENT_USER=0.034304
DUS_CLIENT_MEM=1679094336
DUS_SERVER_SYSTEM=2.200636
DUS_SERVER_USER=0.089427
DUS_SERVER_MEM=1612923957
DUS_BW=4314322705.4910059
DUS_JITTER=0.0067822589769743176
DUS_LOST=20.203523432728073
