IDLE_CLIENT_SYSTEM=0.013499
IDLE_CLIENT_USER=0.026499
IDLE_CLIENT_MEM=1657230222
IDLE_SERVER_SYSTEM=0.017333
IDLE_SERVER_USER=0.032833
IDLE_SERVER_MEM=1695129467
