IDLE_CLIENT_SYSTEM=0.008833
IDLE_CLIENT_USER=0.022999
IDLE_CLIENT_MEM=1662848828
IDLE_SERVER_SYSTEM=0.014333
IDLE_SERVER_USER=0.030832
IDLE_SERVER_MEM=1701053326
