STM_CLIENT_SYSTEM=2.938844
STM_CLIENT_USER=0.029534
STM_CLIENT_MEM=1554591232
STM_SERVER_SYSTEM=3.417915
STM_SERVER_USER=0.044389
STM_SERVER_MEM=1635753822
STM_BW=8947926357.6991138
STM_RTS=71084
