STM_CLIENT_SYSTEM=3.560948
STM_CLIENT_USER=0.020469
STM_CLIENT_MEM=1606714368
STM_SERVER_SYSTEM=3.048531
STM_SERVER_USER=0.034501
STM_SERVER_MEM=1623692288
STM_BW=7975902981.26778
STM_RTS=36059
