STS_CLIENT_SYSTEM=3.113016
STS_CLIENT_USER=0.013439
STS_CLIENT_MEM=1659019520
STS_SERVER_SYSTEM=2.523534
STS_SERVER_USER=0.022452
STS_SERVER_MEM=1630468257
STS_BW=8862953087.0459
STS_RTS=23871
