STS_CLIENT_SYSTEM=2.900080
STS_CLIENT_USER=0.024910
STS_CLIENT_MEM=1554747712
STS_SERVER_SYSTEM=2.975047
STS_SERVER_USER=0.025982
STS_SERVER_MEM=1613465384
STS_BW=8731102912.44751
STS_RTS=16698
