SUM_CLIENT_SYSTEM=7.719620
SUM_CLIENT_USER=0.092204
SUM_CLIENT_MEM=1668575552
SUM_SERVER_SYSTEM=3.435145
SUM_SERVER_USER=0.122283
SUM_SERVER_MEM=1642687434
SUM_BW=8037616108.87171
SUM_JITTER=0.041225197750051332
SUM_LOST=46.789685562712272
