SUM_CLIENT_SYSTEM=7.538729
SUM_CLIENT_USER=0.087938
SUM_CLIENT_MEM=1649831488
SUM_SERVER_SYSTEM=2.630888
SUM_SERVER_USER=0.112528
SUM_SERVER_MEM=1631014365
SUM_BW=5477509352.3733
SUM_JITTER=0.086217248638134625
SUM_LOST=57.665122292072937
