SUS_CLIENT_SYSTEM=2.825652
SUS_CLIENT_USER=0.031467
SUS_CLIENT_MEM=1681001152
SUS_SERVER_SYSTEM=2.146819
SUS_SERVER_USER=0.094028
SUS_SERVER_MEM=1607075139
SUS_BW=4001904680.5050073
SUS_JITTER=0.033677649326357556
SUS_LOST=22.133213578107615
