SUS_CLIENT_SYSTEM=2.604199
SUS_CLIENT_USER=0.039008
SUS_CLIENT_MEM=1638654528
SUS_SERVER_SYSTEM=1.333595
SUS_SERVER_USER=0.057229
SUS_SERVER_MEM=1596835031
SUS_BW=4325656519.20314
SUS_JITTER=0.00970745504185508
SUS_LOST=0.49604926685265244
