DTM_CLIENT_SYSTEM=1.215763
DTM_CLIENT_USER=0.048951
DTM_CLIENT_MEM=1482294848
DTM_SERVER_SYSTEM=1.916250
DTM_SERVER_USER=0.067287
DTM_SERVER_MEM=1480382086
DTM_BW=38987674113.710236
DTM_RTS=324924
