DTM_CLIENT_SYSTEM=0.999509
DTM_CLIENT_USER=0.059767
DTM_CLIENT_MEM=1523280128
DTM_SERVER_SYSTEM=2.343737
DTM_SERVER_USER=0.053599
DTM_SERVER_MEM=1525341291
DTM_BW=34199292650.146183
DTM_RTS=1289276
