DTS_CLIENT_SYSTEM=0.361211
DTS_CLIENT_USER=0.035400
DTS_CLIENT_MEM=1445111872
DTS_SERVER_SYSTEM=0.559337
DTS_SERVER_USER=0.040736
DTS_SERVER_MEM=1451401754
DTS_BW=20326539876.34848
DTS_RTS=18867
