DTS_CLIENT_SYSTEM=0.312351
DTS_CLIENT_USER=0.052277
DTS_CLIENT_MEM=1515210432
DTS_SERVER_SYSTEM=0.475952
DTS_SERVER_USER=0.038038
DTS_SERVER_MEM=1482305104
DTS_BW=10989750520.175592
DTS_RTS=207379
