DUM_CLIENT_SYSTEM=4.091192
DUM_CLIENT_USER=0.324235
DUM_CLIENT_MEM=1660871232
DUM_SERVER_SYSTEM=3.543012
DUM_SERVER_USER=0.306193
DUM_SERVER_MEM=1465770253
DUM_BW=32120447703.74712
DUM_JITTER=0.028546792360447978
DUM_LOST=43.60786224685954
