DUM_CLIENT_SYSTEM=3.140114
DUM_CLIENT_USER=0.416803
DUM_CLIENT_MEM=1504874624
DUM_SERVER_SYSTEM=3.482191
DUM_SERVER_USER=0.454287
DUM_SERVER_MEM=1508423841
DUM_BW=8513792488.44134
DUM_JITTER=0.0068460746409095725
DUM_LOST=22.886090330755934
