DUS_CLIENT_SYSTEM=0.313207
DUS_CLIENT_USER=0.070148
DUS_CLIENT_MEM=1494555200
DUS_SERVER_SYSTEM=0.976432
DUS_SERVER_USER=0.134965
DUS_SERVER_MEM=1520847818
DUS_BW=1781999603.0165808
DUS_JITTER=0.0019210728957303239
DUS_LOST=0.823308925086191
