DUS_CLIENT_SYSTEM=0.450195
DUS_CLIENT_USER=0.050477
DUS_CLIENT_MEM=1479862464
DUS_SERVER_SYSTEM=0.716045
DUS_SERVER_USER=0.114107
DUS_SERVER_MEM=1487146415
DUS_BW=8032250207.75632
DUS_JITTER=0.00652222029795354
DUS_LOST=4.3794093683219071
