IDLE_CLIENT_SYSTEM=0.020499
IDLE_CLIENT_USER=0.036998
IDLE_CLIENT_MEM=1408282103
IDLE_SERVER_SYSTEM=0.028165
IDLE_SERVER_USER=0.044998
IDLE_SERVER_MEM=1442116039
