IDLE_CLIENT_SYSTEM=0.028665
IDLE_CLIENT_USER=0.050331
IDLE_CLIENT_MEM=1470304906
IDLE_SERVER_SYSTEM=0.024665
IDLE_SERVER_USER=0.045331
IDLE_SERVER_MEM=1473090641
