STM_CLIENT_SYSTEM=1.217307
STM_CLIENT_USER=0.050114
STM_CLIENT_MEM=1482831104
STM_SERVER_SYSTEM=1.855367
STM_SERVER_USER=0.066075
STM_SERVER_MEM=1484444510
STM_BW=39039281961.359177
STM_RTS=284700
