STM_CLIENT_SYSTEM=1.039995
STM_CLIENT_USER=0.056340
STM_CLIENT_MEM=1536752064
STM_SERVER_SYSTEM=2.278707
STM_SERVER_USER=0.054274
STM_SERVER_MEM=1514169020
STM_BW=34085715590.1743
STM_RTS=1415783
