STS_CLIENT_SYSTEM=0.412488
STS_CLIENT_USER=0.036873
STS_CLIENT_MEM=1456917504
STS_SERVER_SYSTEM=0.589867
STS_SERVER_USER=0.042230
STS_SERVER_MEM=1462202583
STS_BW=19767447069.2137
STS_RTS=4362
