STS_CLIENT_SYSTEM=0.319409
STS_CLIENT_USER=0.046379
STS_CLIENT_MEM=1505465408
STS_SERVER_SYSTEM=0.508846
STS_SERVER_USER=0.042370
STS_SERVER_MEM=1471534026
STS_BW=11110410796.387009
STS_RTS=180590
