SUM_CLIENT_SYSTEM=2.908874
SUM_CLIENT_USER=0.419929
SUM_CLIENT_MEM=1510627712
SUM_SERVER_SYSTEM=3.784728
SUM_SERVER_USER=0.519090
SUM_SERVER_MEM=1530423888
SUM_BW=10212482530.016661
SUM_JITTER=0.005359715035152735
SUM_LOST=9.86177679799462
