SUM_CLIENT_SYSTEM=4.190816
SUM_CLIENT_USER=0.340743
SUM_CLIENT_MEM=1667949568
SUM_SERVER_SYSTEM=3.847247
SUM_SERVER_USER=0.326478
SUM_SERVER_MEM=1489402287
SUM_BW=33631464255.242134
SUM_JITTER=0.36093261548563826
SUM_LOST=43.241593148321236
