SUS_CLIENT_SYSTEM=0.341894
SUS_CLIENT_USER=0.071296
SUS_CLIENT_MEM=1510147136
SUS_SERVER_SYSTEM=0.894814
SUS_SERVER_USER=0.126748
SUS_SERVER_MEM=1512838952
SUS_BW=1527766711.3171313
SUS_JITTER=0.0048364670370079285
SUS_LOST=3.8212855588053238
