SUS_CLIENT_SYSTEM=0.412515
SUS_CLIENT_USER=0.053429
SUS_CLIENT_MEM=1473819968
SUS_SERVER_SYSTEM=0.964323
SUS_SERVER_USER=0.136562
SUS_SERVER_MEM=1504448188
SUS_BW=8332051191.867774
SUS_JITTER=0.0050550196239385423
SUS_LOST=7.9144634223861861
