DTM_CLIENT_SYSTEM=0.932510
DTM_CLIENT_USER=0.039960
DTM_CLIENT_MEM=1723116864
DTM_SERVER_SYSTEM=1.586344
DTM_SERVER_USER=0.057757
DTM_SERVER_MEM=1633900651
DTM_BW=38977693744.446236
DTM_RTS=29053
