DTM_CLIENT_SYSTEM=0.953262
DTM_CLIENT_USER=0.041104
DTM_CLIENT_MEM=1612794304
DTM_SERVER_SYSTEM=1.726876
DTM_SERVER_USER=0.059916
DTM_SERVER_MEM=1645655417
DTM_BW=39179643210.169357
DTM_RTS=55288
