DTS_CLIENT_SYSTEM=0.358600
DTS_CLIENT_USER=0.030812
DTS_CLIENT_MEM=1717602112
DTS_SERVER_SYSTEM=0.576546
DTS_SERVER_USER=0.029896
DTS_SERVER_MEM=1612961091
DTS_BW=21792798658.19384
DTS_RTS=22302
