DTS_CLIENT_SYSTEM=0.362018
DTS_CLIENT_USER=0.026877
DTS_CLIENT_MEM=1636896640
DTS_SERVER_SYSTEM=0.540917
DTS_SERVER_USER=0.032852
DTS_SERVER_MEM=1638204523
DTS_BW=22005444908.875523
DTS_RTS=23464
