DUM_CLIENT_SYSTEM=1.535802
DUM_CLIENT_USER=0.174504
DUM_CLIENT_MEM=1584806848
DUM_SERVER_SYSTEM=3.642611
DUM_SERVER_USER=0.273656
DUM_SERVER_MEM=1688106307
DUM_BW=31025868148.931747
DUM_JITTER=0.044028131326615455
DUM_LOST=2.2450859165521346
