DUM_CLIENT_SYSTEM=1.694510
DUM_CLIENT_USER=0.179180
DUM_CLIENT_MEM=1667110208
DUM_SERVER_SYSTEM=3.206287
DUM_SERVER_USER=0.269828
DUM_SERVER_MEM=1655206912
DUM_BW=30210095045.863285
DUM_JITTER=0.010334584487747017
DUM_LOST=8.85700798778788
