DUS_CLIENT_SYSTEM=0.269287
DUS_CLIENT_USER=0.041794
DUS_CLIENT_MEM=1606616320
DUS_SERVER_SYSTEM=0.992064
DUS_SERVER_USER=0.112212
DUS_SERVER_MEM=1660462295
DUS_BW=7244574926.8126516
DUS_JITTER=0.0081898351470989852
DUS_LOST=0.88692422237090318
