DUS_CLIENT_SYSTEM=0.289596
DUS_CLIENT_USER=0.046053
DUS_CLIENT_MEM=1690631104
DUS_SERVER_SYSTEM=0.955100
DUS_SERVER_USER=0.104303
DUS_SERVER_MEM=1647521899
DUS_BW=7209284988.4776125
DUS_JITTER=0.0075866493517160148
DUS_LOST=0.80690762024281659
