IDLE_CLIENT_SYSTEM=0.011833
IDLE_CLIENT_USER=0.024166
IDLE_CLIENT_MEM=1662285921
IDLE_SERVER_SYSTEM=0.013833
IDLE_SERVER_USER=0.030832
IDLE_SERVER_MEM=1693771158
