IDLE_CLIENT_SYSTEM=0.013166
IDLE_CLIENT_USER=0.030499
IDLE_CLIENT_MEM=1715431131
IDLE_SERVER_SYSTEM=0.015166
IDLE_SERVER_USER=0.027166
IDLE_SERVER_MEM=1684698713
