STM_CLIENT_SYSTEM=0.968835
STM_CLIENT_USER=0.046649
STM_CLIENT_MEM=1716780544
STM_SERVER_SYSTEM=1.637207
STM_SERVER_USER=0.055448
STM_SERVER_MEM=1610562721
STM_BW=39210045856.337654
STM_RTS=32619
