STM_CLIENT_SYSTEM=0.950283
STM_CLIENT_USER=0.041772
STM_CLIENT_MEM=1629871104
STM_SERVER_SYSTEM=1.733568
STM_SERVER_USER=0.058426
STM_SERVER_MEM=1633520208
STM_BW=39315406905.861885
STM_RTS=47474
