STS_CLIENT_SYSTEM=0.350219
STS_CLIENT_USER=0.027696
STS_CLIENT_MEM=1622944576
STS_SERVER_SYSTEM=0.548116
STS_SERVER_USER=0.027325
STS_SERVER_MEM=1639483823
STS_BW=19630480969.682606
STS_RTS=20461
