STS_CLIENT_SYSTEM=0.363002
STS_CLIENT_USER=0.029499
STS_CLIENT_MEM=1693918016
STS_SERVER_SYSTEM=0.620005
STS_SERVER_USER=0.029479
STS_SERVER_MEM=1581355223
STS_BW=22408025701.196377
STS_RTS=26492
