SUM_CLIENT_SYSTEM=1.544988
SUM_CLIENT_USER=0.176743
SUM_CLIENT_MEM=1594943296
SUM_SERVER_SYSTEM=3.458293
SUM_SERVER_USER=0.273315
SUM_SERVER_MEM=1682421382
SUM_BW=31677579568.649082
SUM_JITTER=0.0078353249609887047
SUM_LOST=2.3110168034901983
