SUM_CLIENT_SYSTEM=1.561629
SUM_CLIENT_USER=0.192213
SUM_CLIENT_MEM=1695372736
SUM_SERVER_SYSTEM=3.526619
SUM_SERVER_USER=0.252124
SUM_SERVER_MEM=1641782379
SUM_BW=32367643614.168255
SUM_JITTER=0.0096754526968721
SUM_LOST=3.4876815337835056
