SUS_CLIENT_SYSTEM=0.278470
SUS_CLIENT_USER=0.036550
SUS_CLIENT_MEM=1621373312
SUS_SERVER_SYSTEM=1.006668
SUS_SERVER_USER=0.115639
SUS_SERVER_MEM=1671869493
SUS_BW=7207453571.4716654
SUS_JITTER=0.0056911931431929868
SUS_LOST=1.3605666394651841
