SUS_CLIENT_SYSTEM=0.266793
SUS_CLIENT_USER=0.047689
SUS_CLIENT_MEM=1704841536
SUS_SERVER_SYSTEM=1.016078
SUS_SERVER_USER=0.110073
SUS_SERVER_MEM=1631203112
SUS_BW=7138936882.1008377
SUS_JITTER=0.00935318659639722
SUS_LOST=1.9629636508608372
