DTM_CLIENT_SYSTEM=1.146457
DTM_CLIENT_USER=0.475997
DTM_CLIENT_MEM=2441084865
DTM_SERVER_SYSTEM=1.047827
DTM_SERVER_USER=0.489337
DTM_SERVER_MEM=2473165062
DTM_BW=9406594362.14045
DTM_RTS=706
