DTM_CLIENT_SYSTEM=1.335127
DTM_CLIENT_USER=0.567833
DTM_CLIENT_MEM=2442479988
DTM_SERVER_SYSTEM=1.258249
DTM_SERVER_USER=0.557202
DTM_SERVER_MEM=2456234929
DTM_BW=11167098809.571371
DTM_RTS=423
