DTS_CLIENT_SYSTEM=1.206248
DTS_CLIENT_USER=0.491331
DTS_CLIENT_MEM=2434222208
DTS_SERVER_SYSTEM=1.046227
DTS_SERVER_USER=0.449679
DTS_SERVER_MEM=2441961633
DTS_BW=10004232343.745403
DTS_RTS=568
