DTS_CLIENT_SYSTEM=1.299147
DTS_CLIENT_USER=0.550384
DTS_CLIENT_MEM=2443239552
DTS_SERVER_SYSTEM=1.326368
DTS_SERVER_USER=0.481011
DTS_SERVER_MEM=2449518376
DTS_BW=10900242931.684334
DTS_RTS=419
