DUM_CLIENT_SYSTEM=5.360127
DUM_CLIENT_USER=0.763844
DUM_CLIENT_MEM=2430008723
DUM_SERVER_SYSTEM=2.258056
DUM_SERVER_USER=0.573868
DUM_SERVER_MEM=2512275140
DUM_BW=6327094513.12566
DUM_JITTER=19.7093793232762
DUM_LOST=81.69170989802295
