DUM_CLIENT_SYSTEM=5.385186
DUM_CLIENT_USER=0.726758
DUM_CLIENT_MEM=2439607433
DUM_SERVER_SYSTEM=2.265802
DUM_SERVER_USER=0.599828
DUM_SERVER_MEM=2472272597
DUM_BW=6116330276.3309174
DUM_JITTER=25.300407542028282
DUM_LOST=81.981117895691568
