DUS_CLIENT_SYSTEM=2.332677
DUS_CLIENT_USER=0.600957
DUS_CLIENT_MEM=2443192692
DUS_SERVER_SYSTEM=1.810940
DUS_SERVER_USER=0.557384
DUS_SERVER_MEM=2470555490
DUS_BW=7879837634.3822746
DUS_JITTER=4.1338186865563742
DUS_LOST=60.13839204632513
