DUS_CLIENT_SYSTEM=2.292936
DUS_CLIENT_USER=0.613387
DUS_CLIENT_MEM=2437007512
DUS_SERVER_SYSTEM=1.692783
DUS_SERVER_USER=0.513890
DUS_SERVER_MEM=2446702669
DUS_BW=7261825545.5851984
DUS_JITTER=1.99517391017031
DUS_LOST=60.0746588953514
