IDLE_CLIENT_SYSTEM=0.065163
IDLE_CLIENT_USER=0.111828
IDLE_CLIENT_MEM=2418868354
IDLE_SERVER_SYSTEM=0.052497
IDLE_SERVER_USER=0.098828
IDLE_SERVER_MEM=2435628990
