IDLE_CLIENT_SYSTEM=0.065999
IDLE_CLIENT_USER=0.114165
IDLE_CLIENT_MEM=2420481255
IDLE_SERVER_SYSTEM=0.070164
IDLE_SERVER_USER=0.109330
IDLE_SERVER_MEM=2410467262
