STM_CLIENT_SYSTEM=1.304454
STM_CLIENT_USER=0.535856
STM_CLIENT_MEM=2427429285
STM_SERVER_SYSTEM=1.215384
STM_SERVER_USER=0.533455
STM_SERVER_MEM=2480867635
STM_BW=10308993021.525372
STM_RTS=703
