STM_CLIENT_SYSTEM=1.288442
STM_CLIENT_USER=0.497986
STM_CLIENT_MEM=2442843712
STM_SERVER_SYSTEM=1.329356
STM_SERVER_USER=0.546650
STM_SERVER_MEM=2455409825
STM_BW=10425341921.569817
STM_RTS=358
