STS_CLIENT_SYSTEM=1.266849
STS_CLIENT_USER=0.483167
STS_CLIENT_MEM=2425383616
STS_SERVER_SYSTEM=1.182503
STS_SERVER_USER=0.490590
STS_SERVER_MEM=2454208080
STS_BW=9940153434.5545
STS_RTS=892
