STS_CLIENT_SYSTEM=1.436507
STS_CLIENT_USER=0.582173
STS_CLIENT_MEM=2414200128
STS_SERVER_SYSTEM=1.230840
STS_SERVER_USER=0.546559
STS_SERVER_MEM=2499040525
STS_BW=11827346159.566439
STS_RTS=1225
