SUM_CLIENT_SYSTEM=5.358159
SUM_CLIENT_USER=0.777288
SUM_CLIENT_MEM=2438289718
SUM_SERVER_SYSTEM=2.230724
SUM_SERVER_USER=0.551129
SUM_SERVER_MEM=2506181080
SUM_BW=6179845326.6008425
SUM_JITTER=11.236907348470863
SUM_LOST=82.393575546195024
