SUM_CLIENT_SYSTEM=5.418467
SUM_CLIENT_USER=0.715879
SUM_CLIENT_MEM=2438840442
SUM_SERVER_SYSTEM=2.279972
SUM_SERVER_USER=0.600943
SUM_SERVER_MEM=2480395899
SUM_BW=6263280909.8515549
SUM_JITTER=29.253547937071168
SUM_LOST=81.7268503066631
