SUS_CLIENT_SYSTEM=2.265986
SUS_CLIENT_USER=0.599686
SUS_CLIENT_MEM=2433634117
SUS_SERVER_SYSTEM=1.768681
SUS_SERVER_USER=0.625395
SUS_SERVER_MEM=2449360213
SUS_BW=8346236313.0396881
SUS_JITTER=0.58760299712497865
SUS_LOST=63.031746445141785
