SUS_CLIENT_SYSTEM=2.112089
SUS_CLIENT_USER=0.654027
SUS_CLIENT_MEM=2427062693
SUS_SERVER_SYSTEM=1.615114
SUS_SERVER_USER=0.478990
SUS_SERVER_MEM=2472545945
SUS_BW=5572719425.3788662
SUS_JITTER=0.58031448035097954
SUS_LOST=68.108414057994224
