DTM_CLIENT_SYSTEM=1.287022
DTM_CLIENT_USER=0.049772
DTM_CLIENT_MEM=1650768960
DTM_SERVER_SYSTEM=1.761238
DTM_SERVER_USER=0.064505
DTM_SERVER_MEM=1707199811
DTM_BW=38967045875.831123
DTM_RTS=414948
