DTS_CLIENT_SYSTEM=0.451156
DTS_CLIENT_USER=0.032120
DTS_CLIENT_MEM=1637707776
DTS_SERVER_SYSTEM=0.544446
DTS_SERVER_USER=0.041266
DTS_SERVER_MEM=1681779065
DTS_BW=20545907575.665581
DTS_RTS=1411
