DUM_CLIENT_SYSTEM=4.373822
DUM_CLIENT_USER=0.318373
DUM_CLIENT_MEM=1858450816
DUM_SERVER_SYSTEM=3.758931
DUM_SERVER_USER=0.333983
DUM_SERVER_MEM=1708704714
DUM_BW=31386665281.76619
DUM_JITTER=0.0093493961166586162
DUM_LOST=44.439323337516434
