DUS_CLIENT_SYSTEM=0.466584
DUS_CLIENT_USER=0.054902
DUS_CLIENT_MEM=1617872512
DUS_SERVER_SYSTEM=0.888778
DUS_SERVER_USER=0.118215
DUS_SERVER_MEM=1714423915
DUS_BW=10078595728.640594
DUS_JITTER=0.00538144360194565
DUS_LOST=4.5393437400806
