STM_CLIENT_SYSTEM=1.192172
STM_CLIENT_USER=0.042250
STM_CLIENT_MEM=1646862080
STM_SERVER_SYSTEM=1.730917
STM_SERVER_USER=0.063147
STM_SERVER_MEM=1699244624
STM_BW=39011631399.9404
STM_RTS=254578
