STS_CLIENT_SYSTEM=0.443916
STS_CLIENT_USER=0.030479
STS_CLIENT_MEM=1624307200
STS_SERVER_SYSTEM=0.593749
STS_SERVER_USER=0.039764
STS_SERVER_MEM=1693265646
STS_BW=20406382534.470116
STS_RTS=1500
