SUM_CLIENT_SYSTEM=4.404820
SUM_CLIENT_USER=0.326980
SUM_CLIENT_MEM=1869933888
SUM_SERVER_SYSTEM=3.462298
SUM_SERVER_USER=0.289359
SUM_SERVER_MEM=1718258256
SUM_BW=31202925250.48576
SUM_JITTER=0.0106631075252006
SUM_LOST=47.591380349858284
