SUS_CLIENT_SYSTEM=0.465048
SUS_CLIENT_USER=0.045390
SUS_CLIENT_MEM=1644294528
SUS_SERVER_SYSTEM=0.915596
SUS_SERVER_USER=0.118085
SUS_SERVER_MEM=1726169573
SUS_BW=8562399239.55564
SUS_JITTER=0.0038686840032704675
SUS_LOST=7.4204799767600464
