DTM_CLIENT_SYSTEM=1.192488
DTM_CLIENT_USER=0.038642
DTM_CLIENT_MEM=1278914496
DTM_SERVER_SYSTEM=1.651778
DTM_SERVER_USER=0.049537
DTM_SERVER_MEM=1254660365
DTM_BW=38783566181.179832
DTM_RTS=349637
