DTS_CLIENT_SYSTEM=0.363669
DTS_CLIENT_USER=0.023600
DTS_CLIENT_MEM=1295465600
DTS_SERVER_SYSTEM=0.517827
DTS_SERVER_USER=0.025709
DTS_SERVER_MEM=1241731988
DTS_BW=19796781710.408119
DTS_RTS=1453
