DUM_CLIENT_SYSTEM=2.014813
DUM_CLIENT_USER=0.227109
DUM_CLIENT_MEM=1325527232
DUM_SERVER_SYSTEM=3.922407
DUM_SERVER_USER=0.329349
DUM_SERVER_MEM=1252398511
DUM_BW=37422764658.306061
DUM_JITTER=0.79569382723769966
DUM_LOST=8.88931479902105
