DUS_CLIENT_SYSTEM=0.310600
DUS_CLIENT_USER=0.042943
DUS_CLIENT_MEM=1250811904
DUS_SERVER_SYSTEM=0.866781
DUS_SERVER_USER=0.111681
DUS_SERVER_MEM=1258452560
DUS_BW=7733769024.8162785
DUS_JITTER=0.00578928984041596
DUS_LOST=0.32943714961180359
