IDLE_CLIENT_SYSTEM=0.011666
IDLE_CLIENT_USER=0.023665
IDLE_CLIENT_MEM=1314540982
IDLE_SERVER_SYSTEM=0.015666
IDLE_SERVER_USER=0.022332
IDLE_SERVER_MEM=1254998211
