STM_CLIENT_SYSTEM=1.111184
STM_CLIENT_USER=0.041112
STM_CLIENT_MEM=1282658240
STM_SERVER_SYSTEM=1.594146
STM_SERVER_USER=0.047475
STM_SERVER_MEM=1248641994
STM_BW=38679994371.776482
STM_RTS=276976
