STS_CLIENT_SYSTEM=0.367584
STS_CLIENT_USER=0.022779
STS_CLIENT_MEM=1239348096
STS_SERVER_SYSTEM=0.463841
STS_SERVER_USER=0.024363
STS_SERVER_MEM=1236342352
STS_BW=20298038071.7801
STS_RTS=1167
