SUM_CLIENT_SYSTEM=1.980503
SUM_CLIENT_USER=0.228885
SUM_CLIENT_MEM=1319303424
SUM_SERVER_SYSTEM=4.340629
SUM_SERVER_USER=0.310229
SUM_SERVER_MEM=1271673478
SUM_BW=36961159964.4067
SUM_JITTER=0.011400612243315303
SUM_LOST=8.56381231299418
