SUS_CLIENT_SYSTEM=0.300249
SUS_CLIENT_USER=0.040645
SUS_CLIENT_MEM=1273562368
SUS_SERVER_SYSTEM=0.729928
SUS_SERVER_USER=0.098668
SUS_SERVER_MEM=1279024769
SUS_BW=7902682245.53001
SUS_JITTER=0.0081548912075476154
SUS_LOST=0.33666199949188741
