DTM_CLIENT_SYSTEM=1.110287
DTM_CLIENT_USER=0.445326
DTM_CLIENT_MEM=2378829645
DTM_SERVER_SYSTEM=0.995705
DTM_SERVER_USER=0.433428
DTM_SERVER_MEM=2531184943
DTM_BW=9113790769.5469971
DTM_RTS=428
