DTM_CLIENT_SYSTEM=1.110852
DTM_CLIENT_USER=0.483060
DTM_CLIENT_MEM=2448990269
DTM_SERVER_SYSTEM=1.098907
DTM_SERVER_USER=0.441175
DTM_SERVER_MEM=2483392097
DTM_BW=9119323775.11045
DTM_RTS=810
