DTS_CLIENT_SYSTEM=1.026580
DTS_CLIENT_USER=0.430360
DTS_CLIENT_MEM=2403844608
DTS_SERVER_SYSTEM=
DTS_SERVER_USER=
DTS_SERVER_MEM=
DTS_BW=8852112767.9970436
DTS_RTS=1237
