DTS_CLIENT_SYSTEM=0.941115
DTS_CLIENT_USER=0.466831
DTS_CLIENT_MEM=2439142592
DTS_SERVER_SYSTEM=0.919203
DTS_SERVER_USER=0.412985
DTS_SERVER_MEM=2455469433
DTS_BW=8194141579.38005
DTS_RTS=1395
