DUM_CLIENT_SYSTEM=5.442804
DUM_CLIENT_USER=0.697935
DUM_CLIENT_MEM=2437585076
DUM_SERVER_SYSTEM=2.240312
DUM_SERVER_USER=0.555848
DUM_SERVER_MEM=2474131102
DUM_BW=6247031250.6770678
DUM_JITTER=23.922268808479263
DUM_LOST=80.621460857821077
