DUM_CLIENT_SYSTEM=5.276637
DUM_CLIENT_USER=0.698529
DUM_CLIENT_MEM=2394328232
DUM_SERVER_SYSTEM=2.312982
DUM_SERVER_USER=0.597548
DUM_SERVER_MEM=2530228042
DUM_BW=6861449699.596324
DUM_JITTER=25.184553658950044
DUM_LOST=80.6134026796539
