DUS_CLIENT_SYSTEM=2.133021
DUS_CLIENT_USER=0.651225
DUS_CLIENT_MEM=2453912071
DUS_SERVER_SYSTEM=
DUS_SERVER_USER=
DUS_SERVER_MEM=
DUS_BW=7083180883.5633116
DUS_JITTER=8.3956335047490835
DUS_LOST=65.655880408429141
