DUS_CLIENT_SYSTEM=2.226644
DUS_CLIENT_USER=0.604110
DUS_CLIENT_MEM=2413066624
DUS_SERVER_SYSTEM=1.899763
DUS_SERVER_USER=0.622117
DUS_SERVER_MEM=2536365594
DUS_BW=7252445970.1241817
DUS_JITTER=2.2522620427099
DUS_LOST=64.319300581566168
