IDLE_CLIENT_SYSTEM=0.054497
IDLE_CLIENT_USER=0.094662
IDLE_CLIENT_MEM=2403321433
IDLE_SERVER_SYSTEM=0.056831
IDLE_SERVER_USER=0.111330
IDLE_SERVER_MEM=2460823552
