IDLE_CLIENT_SYSTEM=0.052497
IDLE_CLIENT_USER=0.106328
IDLE_CLIENT_MEM=2421289155
IDLE_SERVER_SYSTEM=0.060497
IDLE_SERVER_USER=0.098328
IDLE_SERVER_MEM=2406965898
