STM_CLIENT_SYSTEM=1.282223
STM_CLIENT_USER=0.559690
STM_CLIENT_MEM=2443421237
STM_SERVER_SYSTEM=1.245468
STM_SERVER_USER=0.506036
STM_SERVER_MEM=2467865301
STM_BW=10799386207.56864
STM_RTS=675
