STM_CLIENT_SYSTEM=1.115228
STM_CLIENT_USER=0.464993
STM_CLIENT_MEM=2389987387
STM_SERVER_SYSTEM=1.095630
STM_SERVER_USER=0.456618
STM_SERVER_MEM=2511403286
STM_BW=9414936191.1298771
STM_RTS=1052
