STS_CLIENT_SYSTEM=1.161601
STS_CLIENT_USER=0.476198
STS_CLIENT_MEM=2398866048
STS_SERVER_SYSTEM=1.184198
STS_SERVER_USER=0.485558
STS_SERVER_MEM=2531635361
STS_BW=9936885691.58605
STS_RTS=1234
