STS_CLIENT_SYSTEM=1.333049
STS_CLIENT_USER=0.584602
STS_CLIENT_MEM=2451460928
STS_SERVER_SYSTEM=1.174799
STS_SERVER_USER=0.498113
STS_SERVER_MEM=2467681333
STS_BW=10884119975.968206
STS_RTS=890
