SUM_CLIENT_SYSTEM=5.595352
SUM_CLIENT_USER=0.687587
SUM_CLIENT_MEM=2437984194
SUM_SERVER_SYSTEM=2.220547
SUM_SERVER_USER=0.549223
SUM_SERVER_MEM=2486375177
SUM_BW=6409419156.25138
SUM_JITTER=4.3642069929744318
SUM_LOST=80.6226337309434
