SUM_CLIENT_SYSTEM=5.152029
SUM_CLIENT_USER=0.701015
SUM_CLIENT_MEM=2396203453
SUM_SERVER_SYSTEM=2.238925
SUM_SERVER_USER=0.591424
SUM_SERVER_MEM=2539744218
SUM_BW=6337383175.8258858
SUM_JITTER=26.346165032177275
SUM_LOST=80.881883672011341
