SUS_CLIENT_SYSTEM=2.339666
SUS_CLIENT_USER=0.566838
SUS_CLIENT_MEM=2447721120
SUS_SERVER_SYSTEM=1.741158
SUS_SERVER_USER=0.496973
SUS_SERVER_MEM=2476172145
SUS_BW=6484365051.9712448
SUS_JITTER=0.42473942288839028
SUS_LOST=66.951066268465823
