SUS_CLIENT_SYSTEM=2.223474
SUS_CLIENT_USER=0.632105
SUS_CLIENT_MEM=2405340288
SUS_SERVER_SYSTEM=1.849622
SUS_SERVER_USER=0.606303
SUS_SERVER_MEM=2521078406
SUS_BW=7082519623.2886658
SUS_JITTER=12.021791638738366
SUS_LOST=66.468216834626432
