DTM_CLIENT_SYSTEM=1.241750
DTM_CLIENT_USER=0.058796
DTM_CLIENT_MEM=1523234624
DTM_SERVER_SYSTEM=1.847222
DTM_SERVER_USER=0.071437
DTM_SERVER_MEM=1530849765
DTM_BW=39009615296.954071
DTM_RTS=364764
