DTM_CLIENT_SYSTEM=2.833497
DTM_CLIENT_USER=0.048461
DTM_CLIENT_MEM=1474637632
DTM_SERVER_SYSTEM=3.306442
DTM_SERVER_USER=0.051031
DTM_SERVER_MEM=1502698496
DTM_BW=8090396935.0379524
DTM_RTS=48162
