DTS_CLIENT_SYSTEM=2.686276
DTS_CLIENT_USER=0.042278
DTS_CLIENT_MEM=1522870336
DTS_SERVER_SYSTEM=2.392758
DTS_SERVER_USER=0.033830
DTS_SERVER_MEM=1524276655
DTS_BW=
DTS_RTS=
