DTS_CLIENT_SYSTEM=0.427094
DTS_CLIENT_USER=0.048019
DTS_CLIENT_MEM=1501941056
DTS_SERVER_SYSTEM=0.504031
DTS_SERVER_USER=0.046670
DTS_SERVER_MEM=1497536619
DTS_BW=19850274517.30571
DTS_RTS=1139
