DUM_CLIENT_SYSTEM=6.151024
DUM_CLIENT_USER=0.235658
DUM_CLIENT_MEM=1554648832
DUM_SERVER_SYSTEM=3.897034
DUM_SERVER_USER=0.144851
DUM_SERVER_MEM=1522145549
DUM_BW=8851756516.448597
DUM_JITTER=0.0705178918606401
DUM_LOST=77.566383808953475
