DUM_CLIENT_SYSTEM=4.304579
DUM_CLIENT_USER=0.345048
DUM_CLIENT_MEM=1731606208
DUM_SERVER_SYSTEM=3.438367
DUM_SERVER_USER=0.286824
DUM_SERVER_MEM=1527604601
DUM_BW=30677174975.213238
DUM_JITTER=0.011610928924635196
DUM_LOST=50.238561137976014
