DUS_CLIENT_SYSTEM=2.157232
DUS_CLIENT_USER=0.048838
DUS_CLIENT_MEM=1472489216
DUS_SERVER_SYSTEM=1.991095
DUS_SERVER_USER=0.094195
DUS_SERVER_MEM=1489681461
DUS_BW=3187125342.0494971
DUS_JITTER=0.012506568926465515
DUS_LOST=35.145325099827957
