DUS_CLIENT_SYSTEM=0.387931
DUS_CLIENT_USER=0.061623
DUS_CLIENT_MEM=1496127680
DUS_SERVER_SYSTEM=1.070607
DUS_SERVER_USER=0.124219
DUS_SERVER_MEM=1529489677
DUS_BW=8839281076.3981571
DUS_JITTER=0.00289433637164308
DUS_LOST=13.106047025774803
