IDLE_CLIENT_SYSTEM=0.022832
IDLE_CLIENT_USER=0.052164
IDLE_CLIENT_MEM=1482167897
IDLE_SERVER_SYSTEM=0.021166
IDLE_SERVER_USER=0.048498
IDLE_SERVER_MEM=1461445063
