IDLE_CLIENT_SYSTEM=0.017999
IDLE_CLIENT_USER=0.045165
IDLE_CLIENT_MEM=1497064594
IDLE_SERVER_SYSTEM=0.016499
IDLE_SERVER_USER=0.046831
IDLE_SERVER_MEM=1482190913
