STM_CLIENT_SYSTEM=2.793142
STM_CLIENT_USER=0.043228
STM_CLIENT_MEM=1525742080
STM_SERVER_SYSTEM=3.286557
STM_SERVER_USER=0.050881
STM_SERVER_MEM=1502343706
STM_BW=7998525253.4557972
STM_RTS=45280
