STM_CLIENT_SYSTEM=1.246132
STM_CLIENT_USER=0.049446
STM_CLIENT_MEM=1550233664
STM_SERVER_SYSTEM=1.910427
STM_SERVER_USER=0.070787
STM_SERVER_MEM=1517750703
STM_BW=39080916890.567787
STM_RTS=399225
