STS_CLIENT_SYSTEM=0.373484
STS_CLIENT_USER=0.043756
STS_CLIENT_MEM=1513185024
STS_SERVER_SYSTEM=0.592334
STS_SERVER_USER=0.039372
STS_SERVER_MEM=1483707607
STS_BW=21103714595.599148
STS_RTS=10173
