STS_CLIENT_SYSTEM=2.668917
STS_CLIENT_USER=0.040478
STS_CLIENT_MEM=1487498624
STS_SERVER_SYSTEM=2.741209
STS_SERVER_USER=0.034096
STS_SERVER_MEM=1503939422
STS_BW=7733920093.0149145
STS_RTS=6920
