SUM_CLIENT_SYSTEM=6.146163
SUM_CLIENT_USER=0.239906
SUM_CLIENT_MEM=1553179008
SUM_SERVER_SYSTEM=2.931144
SUM_SERVER_USER=0.122498
SUM_SERVER_MEM=1513564752
SUM_BW=6460624063.2964554
SUM_JITTER=0.097224032189767245
SUM_LOST=83.538380111425937
