SUM_CLIENT_SYSTEM=4.138592
SUM_CLIENT_USER=0.339683
SUM_CLIENT_MEM=1726663936
SUM_SERVER_SYSTEM=3.560453
SUM_SERVER_USER=0.312589
SUM_SERVER_MEM=1512937795
SUM_BW=31646321054.391758
SUM_JITTER=0.011775622005497593
SUM_LOST=47.28351974921474
