SUS_CLIENT_SYSTEM=0.425654
SUS_CLIENT_USER=0.057202
SUS_CLIENT_MEM=1520078528
SUS_SERVER_SYSTEM=0.985710
SUS_SERVER_USER=0.117868
SUS_SERVER_MEM=1518912458
SUS_BW=6674965743.6515
SUS_JITTER=0.0027388233767620773
SUS_LOST=22.145764438994245
