SUS_CLIENT_SYSTEM=2.193815
SUS_CLIENT_USER=0.045725
SUS_CLIENT_MEM=1469145738
SUS_SERVER_SYSTEM=2.099370
SUS_SERVER_USER=0.101401
SUS_SERVER_MEM=1504051738
SUS_BW=3449975655.9857163
SUS_JITTER=0.041873242372532642
SUS_LOST=30.465607714912817
