DTM_CLIENT_SYSTEM=0.906548
DTM_CLIENT_USER=0.356161
DTM_CLIENT_MEM=2406629926
DTM_SERVER_SYSTEM=0.891138
DTM_SERVER_USER=0.406008
DTM_SERVER_MEM=2516721041
DTM_BW=6627803799.9462023
DTM_RTS=3324
