DTS_CLIENT_SYSTEM=0.897826
DTS_CLIENT_USER=0.348894
DTS_CLIENT_MEM=2397779328
DTS_SERVER_SYSTEM=0.847659
DTS_SERVER_USER=0.367630
DTS_SERVER_MEM=2516303386
DTS_BW=6779414426.69228
DTS_RTS=2255
