DUM_CLIENT_SYSTEM=5.707196
DUM_CLIENT_USER=0.597066
DUM_CLIENT_MEM=2402299097
DUM_SERVER_SYSTEM=2.392721
DUM_SERVER_USER=0.603447
DUM_SERVER_MEM=2557017114
DUM_BW=6839168802.2510319
DUM_JITTER=20.828873693586768
DUM_LOST=79.107822274035044
