DUS_CLIENT_SYSTEM=2.274025
DUS_CLIENT_USER=0.516341
DUS_CLIENT_MEM=2394940837
DUS_SERVER_SYSTEM=1.813519
DUS_SERVER_USER=0.542440
DUS_SERVER_MEM=2529994188
DUS_BW=6686314147.8162947
DUS_JITTER=4.9172644760618072
DUS_LOST=62.365070517763719
