IDLE_CLIENT_SYSTEM=0.053997
IDLE_CLIENT_USER=0.098328
IDLE_CLIENT_MEM=2383024518
IDLE_SERVER_SYSTEM=0.054498
IDLE_SERVER_USER=0.117496
IDLE_SERVER_MEM=2472462368
