STM_CLIENT_SYSTEM=1.007543
STM_CLIENT_USER=0.380479
STM_CLIENT_MEM=2385700596
STM_SERVER_SYSTEM=0.877042
STM_SERVER_USER=0.428011
STM_SERVER_MEM=2520631928
STM_BW=7630402696.8077
STM_RTS=1794
