STS_CLIENT_SYSTEM=0.976565
STS_CLIENT_USER=0.358571
STS_CLIENT_MEM=2386491584
STS_SERVER_SYSTEM=0.833660
STS_SERVER_USER=0.406894
STS_SERVER_MEM=2520879750
STS_BW=7269311087.5935669
STS_RTS=2015
