SUM_CLIENT_SYSTEM=5.544660
SUM_CLIENT_USER=0.606633
SUM_CLIENT_MEM=2387774042
SUM_SERVER_SYSTEM=2.279318
SUM_SERVER_USER=0.553611
SUM_SERVER_MEM=2535139276
SUM_BW=6354732283.94551
SUM_JITTER=30.4155606761279
SUM_LOST=79.997665489794258
