SUS_CLIENT_SYSTEM=2.439772
SUS_CLIENT_USER=0.459563
SUS_CLIENT_MEM=2391603501
SUS_SERVER_SYSTEM=1.822112
SUS_SERVER_USER=0.588726
SUS_SERVER_MEM=2536732211
SUS_BW=8339501550.4268274
SUS_JITTER=8.95601851208581
SUS_LOST=53.470917548267465
