DTM_CLIENT_SYSTEM=0.828993
DTM_CLIENT_USER=0.047329
DTM_CLIENT_MEM=1361491648
DTM_SERVER_SYSTEM=1.758391
DTM_SERVER_USER=0.052259
DTM_SERVER_MEM=1300564830
DTM_BW=29480449207.940357
DTM_RTS=1117990
