DTM_CLIENT_SYSTEM=1.172156
DTM_CLIENT_USER=0.044365
DTM_CLIENT_MEM=1334247168
DTM_SERVER_SYSTEM=1.711323
DTM_SERVER_USER=0.060925
DTM_SERVER_MEM=1355862662
DTM_BW=38953930048.346123
DTM_RTS=155529
