DTS_CLIENT_SYSTEM=0.313704
DTS_CLIENT_USER=0.038025
DTS_CLIENT_MEM=1310358400
DTS_SERVER_SYSTEM=0.479253
DTS_SERVER_USER=0.041156
DTS_SERVER_MEM=1305526110
DTS_BW=16208489887.106522
DTS_RTS=6331
