DTS_CLIENT_SYSTEM=0.244834
DTS_CLIENT_USER=0.035562
DTS_CLIENT_MEM=1321716480
DTS_SERVER_SYSTEM=0.393531
DTS_SERVER_USER=0.038027
DTS_SERVER_MEM=1280661557
DTS_BW=7797464759.5424471
DTS_RTS=264730
