DUM_CLIENT_SYSTEM=1.499009
DUM_CLIENT_USER=0.276344
DUM_CLIENT_MEM=1314701632
DUM_SERVER_SYSTEM=2.980285
DUM_SERVER_USER=0.356930
DUM_SERVER_MEM=1306818991
DUM_BW=6570864680.6245356
DUM_JITTER=0.00808325631961735
DUM_LOST=14.207552248651725
