DUM_CLIENT_SYSTEM=1.677886
DUM_CLIENT_USER=0.217844
DUM_CLIENT_MEM=1263800640
DUM_SERVER_SYSTEM=3.866324
DUM_SERVER_USER=0.309160
DUM_SERVER_MEM=1345039683
DUM_BW=32646273641.668755
DUM_JITTER=0.009711496090587534
DUM_LOST=7.952600372975188
