DUS_CLIENT_SYSTEM=0.261726
DUS_CLIENT_USER=0.045888
DUS_CLIENT_MEM=1294678528
DUS_SERVER_SYSTEM=0.788263
DUS_SERVER_USER=0.115045
DUS_SERVER_MEM=1334502938
DUS_BW=6136542090.18445
DUS_JITTER=0.0085164855403143357
DUS_LOST=0.43945091636805012
