DUS_CLIENT_SYSTEM=0.198299
DUS_CLIENT_USER=0.047854
DUS_CLIENT_MEM=1320460160
DUS_SERVER_SYSTEM=0.741297
DUS_SERVER_USER=0.108413
DUS_SERVER_MEM=1274509096
DUS_BW=1231694020.4647155
DUS_JITTER=0.010224780714647016
DUS_LOST=1.4888361225590576
