IDLE_CLIENT_SYSTEM=0.019333
IDLE_CLIENT_USER=0.036999
IDLE_CLIENT_MEM=1280363486
IDLE_SERVER_SYSTEM=0.025999
IDLE_SERVER_USER=0.039165
IDLE_SERVER_MEM=1281481906
