IDLE_CLIENT_SYSTEM=0.017666
IDLE_CLIENT_USER=0.030499
IDLE_CLIENT_MEM=1283289218
IDLE_SERVER_SYSTEM=0.026499
IDLE_SERVER_USER=0.036665
IDLE_SERVER_MEM=1273272742
