STM_CLIENT_SYSTEM=1.116296
STM_CLIENT_USER=0.042733
STM_CLIENT_MEM=1336091520
STM_SERVER_SYSTEM=1.709889
STM_SERVER_USER=0.057930
STM_SERVER_MEM=1340147442
STM_BW=38843858782.3827
STM_RTS=157564
