STM_CLIENT_SYSTEM=0.800400
STM_CLIENT_USER=0.048152
STM_CLIENT_MEM=1323853760
STM_SERVER_SYSTEM=1.737383
STM_SERVER_USER=0.052783
STM_SERVER_MEM=1309995115
STM_BW=29062458283.042511
STM_RTS=924871
