STS_CLIENT_SYSTEM=0.267134
STS_CLIENT_USER=0.039824
STS_CLIENT_MEM=1331256064
STS_SERVER_SYSTEM=0.420267
STS_SERVER_USER=0.037246
STS_SERVER_MEM=1262738432
STS_BW=8728035421.2392235
STS_RTS=171763
