STS_CLIENT_SYSTEM=0.303676
STS_CLIENT_USER=0.029991
STS_CLIENT_MEM=1296033600
STS_SERVER_SYSTEM=0.457387
STS_SERVER_USER=0.041273
STS_SERVER_MEM=1313357716
STS_BW=18147800795.867615
STS_RTS=6034
