SUM_CLIENT_SYSTEM=1.666175
SUM_CLIENT_USER=0.215725
SUM_CLIENT_MEM=1296155584
SUM_SERVER_SYSTEM=3.695016
SUM_SERVER_USER=0.272481
SUM_SERVER_MEM=1371823211
SUM_BW=31545490288.09866
SUM_JITTER=0.012865461367285391
SUM_LOST=10.228631416861422
