SUM_CLIENT_SYSTEM=1.530925
SUM_CLIENT_USER=0.277546
SUM_CLIENT_MEM=1309393600
SUM_SERVER_SYSTEM=2.505076
SUM_SERVER_USER=0.311849
SUM_SERVER_MEM=1322058644
SUM_BW=5326173281.1883726
SUM_JITTER=0.019054918972221023
SUM_LOST=29.730508585957125
