SUS_CLIENT_SYSTEM=0.237295
SUS_CLIENT_USER=0.050311
SUS_CLIENT_MEM=1327149632
SUS_SERVER_SYSTEM=0.808152
SUS_SERVER_USER=0.119220
SUS_SERVER_MEM=1344350261
SUS_BW=6777689119.72106
SUS_JITTER=0.0088458905535526433
SUS_LOST=0.13074495957115514
