SUS_CLIENT_SYSTEM=0.201580
SUS_CLIENT_USER=0.047691
SUS_CLIENT_MEM=1311601856
SUS_SERVER_SYSTEM=0.771490
SUS_SERVER_USER=0.099617
SUS_SERVER_MEM=1301444069
SUS_BW=1217725087.1592593
SUS_JITTER=0.0064716713794970926
SUS_LOST=0.18301633711593471
