DTM_CLIENT_SYSTEM=0.992560
DTM_CLIENT_USER=0.018026
DTM_CLIENT_MEM=1037743296
DTM_SERVER_SYSTEM=1.556704
DTM_SERVER_USER=0.039367
DTM_SERVER_MEM=1051837062
DTM_BW=39430459343.887016
DTM_RTS=2329
