DTS_CLIENT_SYSTEM=0.610258
DTS_CLIENT_USER=0.005409
DTS_CLIENT_MEM=1071648576
DTS_SERVER_SYSTEM=0.757668
DTS_SERVER_USER=0.006218
DTS_SERVER_MEM=1075737061
DTS_BW=28298981923.453121
DTS_RTS=57597
