DUM_CLIENT_SYSTEM=6.986364
DUM_CLIENT_USER=0.212567
DUM_CLIENT_MEM=1032230848
DUM_SERVER_SYSTEM=3.289445
DUM_SERVER_USER=0.244520
DUM_SERVER_MEM=1106384788
DUM_BW=32444575626.940868
DUM_JITTER=0.0080536862747166357
DUM_LOST=1.4357051307352391
