DUS_CLIENT_SYSTEM=0.515351
DUS_CLIENT_USER=0.031964
DUS_CLIENT_MEM=1046973376
DUS_SERVER_SYSTEM=0.791707
DUS_SERVER_USER=0.078494
DUS_SERVER_MEM=1093602357
DUS_BW=7357006146.1040764
DUS_JITTER=0.0089836310395121632
DUS_LOST=0.0025134338987965032
