IDLE_CLIENT_SYSTEM=0.000500
IDLE_CLIENT_USER=0.000167
IDLE_CLIENT_MEM=1074868620
IDLE_SERVER_SYSTEM=0.002667
IDLE_SERVER_USER=0.001500
IDLE_SERVER_MEM=1084721019
