DTM_CLIENT_SYSTEM=0.956381
DTM_CLIENT_USER=0.037168
DTM_CLIENT_MEM=1964460352
DTM_SERVER_SYSTEM=1.469769
DTM_SERVER_USER=0.063033
DTM_SERVER_MEM=1949288966
DTM_BW=39196194526.887428
DTM_RTS=131375
