DTS_CLIENT_SYSTEM=0.323675
DTS_CLIENT_USER=0.025238
DTS_CLIENT_MEM=1972987776
DTS_SERVER_SYSTEM=0.374253
DTS_SERVER_USER=0.027051
DTS_SERVER_MEM=1970928424
DTS_BW=12226889456.332922
DTS_RTS=181010
