DUM_CLIENT_SYSTEM=1.436691
DUM_CLIENT_USER=0.187715
DUM_CLIENT_MEM=1915333504
DUM_SERVER_SYSTEM=3.578782
DUM_SERVER_USER=0.258662
DUM_SERVER_MEM=1963060762
DUM_BW=31543354435.771507
DUM_JITTER=0.0059267958990439863
DUM_LOST=1.1479377344962245
