DUS_CLIENT_SYSTEM=0.276494
DUS_CLIENT_USER=0.042285
DUS_CLIENT_MEM=1921790528
DUS_SERVER_SYSTEM=0.865149
DUS_SERVER_USER=0.102785
DUS_SERVER_MEM=1959007339
DUS_BW=6885047402.5833559
DUS_JITTER=0.0054933959280345484
DUS_LOST=0.652752710787119
