IDLE_CLIENT_SYSTEM=0.011666
IDLE_CLIENT_USER=0.025999
IDLE_CLIENT_MEM=1970013915
IDLE_SERVER_SYSTEM=0.012333
IDLE_SERVER_USER=0.030165
IDLE_SERVER_MEM=2012801771
