STM_CLIENT_SYSTEM=0.929974
STM_CLIENT_USER=0.037494
STM_CLIENT_MEM=1935367168
STM_SERVER_SYSTEM=1.640899
STM_SERVER_USER=0.058029
STM_SERVER_MEM=1954105990
STM_BW=38988399433.233276
STM_RTS=216568
