STS_CLIENT_SYSTEM=0.337125
STS_CLIENT_USER=0.026059
STS_CLIENT_MEM=1942315584
STS_SERVER_SYSTEM=0.438505
STS_SERVER_USER=0.024076
STS_SERVER_MEM=1939558130
STS_BW=14187002546.83152
STS_RTS=109992
