SUM_CLIENT_SYSTEM=1.515574
SUM_CLIENT_USER=0.179739
SUM_CLIENT_MEM=1928289664
SUM_SERVER_SYSTEM=3.428923
SUM_SERVER_USER=0.250247
SUM_SERVER_MEM=1998586933
SUM_BW=31569325324.885967
SUM_JITTER=0.00627174586102812
SUM_LOST=3.6615502808364342
