SUS_CLIENT_SYSTEM=0.275852
SUS_CLIENT_USER=0.035731
SUS_CLIENT_MEM=1937039680
SUS_SERVER_SYSTEM=0.960828
SUS_SERVER_USER=0.102158
SUS_SERVER_MEM=2000657084
SUS_BW=6648570557.8955154
SUS_JITTER=0.00684266902132093
SUS_LOST=0.79571366133258226
