DTM_CLIENT_SYSTEM=1.174020
DTM_CLIENT_USER=0.450765
DTM_CLIENT_MEM=2368167467
DTM_SERVER_SYSTEM=1.051006
DTM_SERVER_USER=0.448931
DTM_SERVER_MEM=2483607751
DTM_BW=9038940266.0868931
DTM_RTS=1145
