DTM_CLIENT_SYSTEM=1.146852
DTM_CLIENT_USER=0.473307
DTM_CLIENT_MEM=2450744288
DTM_SERVER_SYSTEM=1.132220
DTM_SERVER_USER=0.478165
DTM_SERVER_MEM=2407673540
DTM_BW=9792344585.70559
DTM_RTS=588
