DTS_CLIENT_SYSTEM=1.138128
DTS_CLIENT_USER=0.479323
DTS_CLIENT_MEM=2443749184
DTS_SERVER_SYSTEM=1.016546
DTS_SERVER_USER=0.440359
DTS_SERVER_MEM=2386213187
DTS_BW=9865573406.3590431
DTS_RTS=496
