DTS_CLIENT_SYSTEM=1.110406
DTS_CLIENT_USER=0.438567
DTS_CLIENT_MEM=2374935424
DTS_SERVER_SYSTEM=0.950197
DTS_SERVER_USER=0.376427
DTS_SERVER_MEM=2476284389
DTS_BW=9120764462.8000736
DTS_RTS=1502
