DUM_CLIENT_SYSTEM=5.000143
DUM_CLIENT_USER=0.672713
DUM_CLIENT_MEM=2388823722
DUM_SERVER_SYSTEM=2.139150
DUM_SERVER_USER=0.553917
DUM_SERVER_MEM=2515366707
DUM_BW=5813919943.8013544
DUM_JITTER=110.3819165245247
DUM_LOST=81.3581631514006
