DUM_CLIENT_SYSTEM=5.504544
DUM_CLIENT_USER=0.763446
DUM_CLIENT_MEM=2434141888
DUM_SERVER_SYSTEM=2.437849
DUM_SERVER_USER=0.629153
DUM_SERVER_MEM=2416613914
DUM_BW=7159982352.5753632
DUM_JITTER=16.279751439164251
DUM_LOST=80.2614346941048
