DUS_CLIENT_SYSTEM=2.246891
DUS_CLIENT_USER=0.639675
DUS_CLIENT_MEM=2388383424
DUS_SERVER_SYSTEM=1.935898
DUS_SERVER_USER=0.603404
DUS_SERVER_MEM=2515108864
DUS_BW=8549192685.3177185
DUS_JITTER=0.0080984713743247
DUS_LOST=61.246319075733354
