DUS_CLIENT_SYSTEM=2.235898
DUS_CLIENT_USER=0.637637
DUS_CLIENT_MEM=2448781184
DUS_SERVER_SYSTEM=1.797911
DUS_SERVER_USER=0.557044
DUS_SERVER_MEM=2401431875
DUS_BW=6806612894.382678
DUS_JITTER=4.7901950994084022
DUS_LOST=65.5555358647748
