IDLE_CLIENT_SYSTEM=0.059665
IDLE_CLIENT_USER=0.102830
IDLE_CLIENT_MEM=2371414893
IDLE_SERVER_SYSTEM=0.058333
IDLE_SERVER_USER=0.112833
IDLE_SERVER_MEM=2442171160
