IDLE_CLIENT_SYSTEM=0.059498
IDLE_CLIENT_USER=0.111330
IDLE_CLIENT_MEM=2423498329
IDLE_SERVER_SYSTEM=0.061997
IDLE_SERVER_USER=0.100328
IDLE_SERVER_MEM=2356208786
