STM_CLIENT_SYSTEM=1.197695
STM_CLIENT_USER=0.492253
STM_CLIENT_MEM=2437544333
STM_SERVER_SYSTEM=1.039626
STM_SERVER_USER=0.487593
STM_SERVER_MEM=2399402321
STM_BW=9984043507.78668
STM_RTS=590
