STM_CLIENT_SYSTEM=1.167182
STM_CLIENT_USER=0.468736
STM_CLIENT_MEM=2383359168
STM_SERVER_SYSTEM=1.067172
STM_SERVER_USER=0.464742
STM_SERVER_MEM=2511786843
STM_BW=9700925645.22444
STM_RTS=475
