STS_CLIENT_SYSTEM=1.167464
STS_CLIENT_USER=0.471473
STS_CLIENT_MEM=2447637248
STS_SERVER_SYSTEM=1.143217
STS_SERVER_USER=0.475224
STS_SERVER_MEM=2390993704
STS_BW=9943109328.34421
STS_RTS=1401
