STS_CLIENT_SYSTEM=1.070832
STS_CLIENT_USER=0.452981
STS_CLIENT_MEM=2387645312
STS_SERVER_SYSTEM=1.100300
STS_SERVER_USER=0.444938
STS_SERVER_MEM=2526055477
STS_BW=9388939845.41067
STS_RTS=394
