SUM_CLIENT_SYSTEM=5.354576
SUM_CLIENT_USER=0.722811
SUM_CLIENT_MEM=2396278294
SUM_SERVER_SYSTEM=2.340428
SUM_SERVER_USER=0.590857
SUM_SERVER_MEM=2540845133
SUM_BW=6264561673.6324482
SUM_JITTER=27.376243817690568
SUM_LOST=81.657842255333875
