SUM_CLIENT_SYSTEM=5.247091
SUM_CLIENT_USER=0.717259
SUM_CLIENT_MEM=2425484468
SUM_SERVER_SYSTEM=2.316262
SUM_SERVER_USER=0.584193
SUM_SERVER_MEM=2398635501
SUM_BW=6476654771.3406029
SUM_JITTER=29.894838945198554
SUM_LOST=80.645498084944634
