SUS_CLIENT_SYSTEM=2.106967
SUS_CLIENT_USER=0.609075
SUS_CLIENT_MEM=2407088303
SUS_SERVER_SYSTEM=1.746677
SUS_SERVER_USER=0.537333
SUS_SERVER_MEM=2517465737
SUS_BW=7054059063.8007679
SUS_JITTER=4.1186965053191056
SUS_LOST=68.768174524322959
