SUS_CLIENT_SYSTEM=2.151306
SUS_CLIENT_USER=0.597276
SUS_CLIENT_MEM=2441618386
SUS_SERVER_SYSTEM=1.789070
SUS_SERVER_USER=0.552603
SUS_SERVER_MEM=2411550538
SUS_BW=6417789194.3722334
SUS_JITTER=2.6932828188139051
SUS_LOST=73.1405362054299
