DTM_CLIENT_SYSTEM=0.151788
DTM_CLIENT_USER=0.047485
DTM_CLIENT_MEM=1672631168
DTM_SERVER_SYSTEM=0.344174
DTM_SERVER_USER=0.048046
DTM_SERVER_MEM=1676220200
DTM_BW=4703934867.7370853
DTM_RTS=20474
