DTS_CLIENT_SYSTEM=0.166683
DTS_CLIENT_USER=0.043924
DTS_CLIENT_MEM=1665844672
DTS_SERVER_SYSTEM=0.203419
DTS_SERVER_USER=0.039088
DTS_SERVER_MEM=1661419250
DTS_BW=7069904726.0856085
DTS_RTS=1022
