DUM_CLIENT_SYSTEM=2.199381
DUM_CLIENT_USER=0.242428
DUM_CLIENT_MEM=1650025024
DUM_SERVER_SYSTEM=0.699808
DUM_SERVER_USER=0.084702
DUM_SERVER_MEM=1697355829
DUM_BW=3693305933.8280449
DUM_JITTER=0.11554237493139524
DUM_LOST=87.740208386167424
