DUS_CLIENT_SYSTEM=0.305494
DUS_CLIENT_USER=0.067195
DUS_CLIENT_MEM=1680161344
DUS_SERVER_SYSTEM=0.437389
DUS_SERVER_USER=0.086747
DUS_SERVER_MEM=1688009081
DUS_BW=4011392081.3733621
DUS_JITTER=0.014740559887192025
DUS_LOST=28.662399098148821
