IDLE_CLIENT_SYSTEM=0.026666
IDLE_CLIENT_USER=0.045332
IDLE_CLIENT_MEM=1657394062
IDLE_SERVER_SYSTEM=0.029832
IDLE_SERVER_USER=0.040999
IDLE_SERVER_MEM=1676271941
