STM_CLIENT_SYSTEM=0.149400
STM_CLIENT_USER=0.047671
STM_CLIENT_MEM=1697594688
STM_SERVER_SYSTEM=
STM_SERVER_USER=
STM_SERVER_MEM=
STM_BW=4771759547.510314
STM_RTS=20490
