STS_CLIENT_SYSTEM=0.024965
STS_CLIENT_USER=0.052926
STS_CLIENT_MEM=1684833201
STS_SERVER_SYSTEM=0.029998
STS_SERVER_USER=0.046116
STS_SERVER_MEM=1676487557
STS_BW=null
STS_RTS=null
