SUM_CLIENT_SYSTEM=2.140061
SUM_CLIENT_USER=0.273896
SUM_CLIENT_MEM=1680330880
SUM_SERVER_SYSTEM=0.757875
SUM_SERVER_USER=0.091876
SUM_SERVER_MEM=1688778859
SUM_BW=3743501361.7501225
SUM_JITTER=0.131439269627865
SUM_LOST=88.468938293528836
