SUS_CLIENT_SYSTEM=0.298666
SUS_CLIENT_USER=0.060946
SUS_CLIENT_MEM=1671339392
SUS_SERVER_SYSTEM=0.564490
SUS_SERVER_USER=0.094217
SUS_SERVER_MEM=1678966730
SUS_BW=5498088404.1122284
SUS_JITTER=0.00979595356932945
SUS_LOST=2.8290226137626311
