DTM_CLIENT_SYSTEM=1.222100
DTM_CLIENT_USER=0.035371
DTM_CLIENT_MEM=1259813248
DTM_SERVER_SYSTEM=1.738071
DTM_SERVER_USER=0.053181
DTM_SERVER_MEM=1255309904
DTM_BW=38956107752.5739
DTM_RTS=336925
