DTS_CLIENT_SYSTEM=0.333208
DTS_CLIENT_USER=0.018193
DTS_CLIENT_MEM=1240497088
DTS_SERVER_SYSTEM=0.525176
DTS_SERVER_USER=0.023829
DTS_SERVER_MEM=1209808788
DTS_BW=19587401486.345478
DTS_RTS=10138
