DUM_CLIENT_SYSTEM=1.999771
DUM_CLIENT_USER=0.218282
DUM_CLIENT_MEM=1309555328
DUM_SERVER_SYSTEM=3.829050
DUM_SERVER_USER=0.300976
DUM_SERVER_MEM=1240165160
DUM_BW=36549842506.799812
DUM_JITTER=0.012428907513256916
DUM_LOST=10.13986278675519
