DUS_CLIENT_SYSTEM=0.314508
DUS_CLIENT_USER=0.038514
DUS_CLIENT_MEM=1219359744
DUS_SERVER_SYSTEM=0.893423
DUS_SERVER_USER=0.096667
DUS_SERVER_MEM=1264908395
DUS_BW=7730439568.4480534
DUS_JITTER=0.0091691713759670564
DUS_LOST=0.49458539932345935
