IDLE_CLIENT_SYSTEM=0.013000
IDLE_CLIENT_USER=0.018666
IDLE_CLIENT_MEM=1220890298
IDLE_SERVER_SYSTEM=0.014333
IDLE_SERVER_USER=0.020999
IDLE_SERVER_MEM=1256172917
