STM_CLIENT_SYSTEM=1.203616
STM_CLIENT_USER=0.036190
STM_CLIENT_MEM=1256259968
STM_SERVER_SYSTEM=1.705766
STM_SERVER_USER=0.047893
STM_SERVER_MEM=1251505205
STM_BW=38818787901.481773
STM_RTS=356259
