STS_CLIENT_SYSTEM=0.362328
STS_CLIENT_USER=0.017862
STS_CLIENT_MEM=1224583296
STS_SERVER_SYSTEM=0.537036
STS_SERVER_USER=0.023955
STS_SERVER_MEM=1230101611
STS_BW=19380008334.094574
STS_RTS=1097
