SUM_CLIENT_SYSTEM=1.909901
SUM_CLIENT_USER=0.222874
SUM_CLIENT_MEM=1307029888
SUM_SERVER_SYSTEM=4.245328
SUM_SERVER_USER=0.303412
SUM_SERVER_MEM=1270855302
SUM_BW=37260462170.360733
SUM_JITTER=0.00956721297288537
SUM_LOST=8.112429001148973
