SUS_CLIENT_SYSTEM=0.310902
SUS_CLIENT_USER=0.036548
SUS_CLIENT_MEM=1224957760
SUS_SERVER_SYSTEM=0.756044
SUS_SERVER_USER=0.095114
SUS_SERVER_MEM=1256834640
SUS_BW=7786536925.5682182
SUS_JITTER=0.00762357432377019
SUS_LOST=0.14332027120698795
