DTM_CLIENT_SYSTEM=0.147557
DTM_CLIENT_USER=0.041106
DTM_CLIENT_MEM=1652146496
DTM_SERVER_SYSTEM=0.348257
DTM_SERVER_USER=0.049654
DTM_SERVER_MEM=1706247006
DTM_BW=4717855796.6332083
DTM_RTS=17907
