DTS_CLIENT_SYSTEM=0.154055
DTS_CLIENT_USER=0.048019
DTS_CLIENT_MEM=1651338048
DTS_SERVER_SYSTEM=0.218409
DTS_SERVER_USER=0.047092
DTS_SERVER_MEM=1691090458
DTS_BW=6781012163.7962885
DTS_RTS=3111
