DUM_CLIENT_SYSTEM=2.105918
DUM_CLIENT_USER=0.241706
DUM_CLIENT_MEM=1662057792
DUM_SERVER_SYSTEM=0.719129
DUM_SERVER_USER=0.087032
DUM_SERVER_MEM=1704472252
DUM_BW=3854046369.870832
DUM_JITTER=0.15929977194476969
DUM_LOST=87.232372647227862
