DUS_CLIENT_SYSTEM=0.262994
DUS_CLIENT_USER=0.065544
DUS_CLIENT_MEM=1643692032
DUS_SERVER_SYSTEM=0.561386
DUS_SERVER_USER=0.092099
DUS_SERVER_MEM=1701098711
DUS_BW=4051593138.0766859
DUS_JITTER=0.043128493952173635
DUS_LOST=31.66735729824925
