IDLE_CLIENT_SYSTEM=0.026999
IDLE_CLIENT_USER=0.041499
IDLE_CLIENT_MEM=1646748038
IDLE_SERVER_SYSTEM=0.030332
IDLE_SERVER_USER=0.045498
IDLE_SERVER_MEM=1710141309
