STM_CLIENT_SYSTEM=0.149701
STM_CLIENT_USER=0.044386
STM_CLIENT_MEM=1677235328
STM_SERVER_SYSTEM=0.320741
STM_SERVER_USER=0.048929
STM_SERVER_MEM=1712335710
STM_BW=4720656727.0368338
STM_RTS=20584
