STS_CLIENT_SYSTEM=0.023876
STS_CLIENT_USER=0.036809
STS_CLIENT_MEM=1662101976
STS_SERVER_SYSTEM=0.036694
STS_SERVER_USER=0.048776
STS_SERVER_MEM=1722223820
STS_BW=null
STS_RTS=null
