SUM_CLIENT_SYSTEM=2.227808
SUM_CLIENT_USER=0.243986
SUM_CLIENT_MEM=1669088384
SUM_SERVER_SYSTEM=0.704305
SUM_SERVER_USER=0.086567
SUM_SERVER_MEM=1724760926
SUM_BW=3731378394.2929535
SUM_JITTER=0.12091738503438991
SUM_LOST=87.6362198919131
