SUS_CLIENT_SYSTEM=0.239347
SUS_CLIENT_USER=0.065366
SUS_CLIENT_MEM=1673766464
SUS_SERVER_SYSTEM=0.358177
SUS_SERVER_USER=0.076559
SUS_SERVER_MEM=1716637857
SUS_BW=2045222000.9154491
SUS_JITTER=0.020650172319907793
SUS_LOST=66.258091642026571
