DTM_CLIENT_SYSTEM=0.996593
DTM_CLIENT_USER=0.060936
DTM_CLIENT_MEM=1618923136
DTM_SERVER_SYSTEM=2.014069
DTM_SERVER_USER=0.086039
DTM_SERVER_MEM=1603634768
DTM_BW=39524629550.621834
DTM_RTS=49243
