DTS_CLIENT_SYSTEM=0.429723
DTS_CLIENT_USER=0.043267
DTS_CLIENT_MEM=1623404096
DTS_SERVER_SYSTEM=0.706545
DTS_SERVER_USER=0.039779
DTS_SERVER_MEM=1566095521
DTS_BW=27179361778.106556
DTS_RTS=20302
