DUM_CLIENT_SYSTEM=2.379782
DUM_CLIENT_USER=0.198834
DUM_CLIENT_MEM=1589459136
DUM_SERVER_SYSTEM=3.661979
DUM_SERVER_USER=0.318857
DUM_SERVER_MEM=1650713492
DUM_BW=33366485865.695816
DUM_JITTER=0.014372299073388044
DUM_LOST=0.29955831446876835
