DUS_CLIENT_SYSTEM=0.344692
DUS_CLIENT_USER=0.055236
DUS_CLIENT_MEM=1622553728
DUS_SERVER_SYSTEM=0.767722
DUS_SERVER_USER=0.107974
DUS_SERVER_MEM=1624752720
DUS_BW=7294271156.090436
DUS_JITTER=0.01050921617884365
DUS_LOST=0.30133762251215657
