IDLE_CLIENT_SYSTEM=0.023832
IDLE_CLIENT_USER=0.042665
IDLE_CLIENT_MEM=1578053046
IDLE_SERVER_SYSTEM=0.024999
IDLE_SERVER_USER=0.040831
IDLE_SERVER_MEM=1564968992
