STM_CLIENT_SYSTEM=0.919439
STM_CLIENT_USER=0.050771
STM_CLIENT_MEM=1615055936
STM_SERVER_SYSTEM=2.046451
STM_SERVER_USER=0.077554
STM_SERVER_MEM=1598877642
STM_BW=39328527747.054024
STM_RTS=42358
