STS_CLIENT_SYSTEM=0.426289
STS_CLIENT_USER=0.040810
STS_CLIENT_MEM=1608745920
STS_SERVER_SYSTEM=0.802749
STS_SERVER_USER=0.043019
STS_SERVER_MEM=1610587567
STS_BW=28246488863.903038
STS_RTS=24888
