SUM_CLIENT_SYSTEM=2.336554
SUM_CLIENT_USER=0.194235
SUM_CLIENT_MEM=1570335296
SUM_SERVER_SYSTEM=3.120736
SUM_SERVER_USER=0.250677
SUM_SERVER_MEM=1646602132
SUM_BW=30982523807.269119
SUM_JITTER=0.011172279553380182
SUM_LOST=5.1369299483266628
