SUS_CLIENT_SYSTEM=0.379730
SUS_CLIENT_USER=0.063917
SUS_CLIENT_MEM=1604435328
SUS_SERVER_SYSTEM=0.746404
SUS_SERVER_USER=0.102299
SUS_SERVER_MEM=1620506947
SUS_BW=7263688892.0184031
SUS_JITTER=0.0075558116133694229
SUS_LOST=0.32330863300310564
