DTM_CLIENT_SYSTEM=3.032610
DTM_CLIENT_USER=0.042890
DTM_CLIENT_MEM=1680975936
DTM_SERVER_SYSTEM=3.603839
DTM_SERVER_USER=0.047513
DTM_SERVER_MEM=1609072208
DTM_BW=8821795395.642374
DTM_RTS=50532
