DTS_CLIENT_SYSTEM=2.840829
DTS_CLIENT_USER=0.041779
DTS_CLIENT_MEM=1668317120
DTS_SERVER_SYSTEM=2.937321
DTS_SERVER_USER=0.031549
DTS_SERVER_MEM=1603494750
DTS_BW=8497947265.6956034
DTS_RTS=7050
