DUM_CLIENT_SYSTEM=6.500794
DUM_CLIENT_USER=0.239144
DUM_CLIENT_MEM=1704942912
DUM_SERVER_SYSTEM=4.072390
DUM_SERVER_USER=0.147947
DUM_SERVER_MEM=1616014443
DUM_BW=9033946691.107
DUM_JITTER=0.0733584465426104
DUM_LOST=76.198760267317354
