DUS_CLIENT_SYSTEM=2.267997
DUS_CLIENT_USER=0.037527
DUS_CLIENT_MEM=1642803392
DUS_SERVER_SYSTEM=2.346404
DUS_SERVER_USER=0.102871
DUS_SERVER_MEM=1598020122
DUS_BW=4359393879.99013
DUS_JITTER=0.033907531581552061
DUS_LOST=17.168703657712552
