IDLE_CLIENT_SYSTEM=0.019000
IDLE_CLIENT_USER=0.035667
IDLE_CLIENT_MEM=1631777428
IDLE_SERVER_SYSTEM=0.018499
IDLE_SERVER_USER=0.031498
IDLE_SERVER_MEM=1672323072
