STM_CLIENT_SYSTEM=3.028726
STM_CLIENT_USER=0.044030
STM_CLIENT_MEM=1650610688
STM_SERVER_SYSTEM=3.574136
STM_SERVER_USER=0.046563
STM_SERVER_MEM=1606564540
STM_BW=8775892453.31195
STM_RTS=51108
