STS_CLIENT_SYSTEM=2.812060
STS_CLIENT_USER=0.041947
STS_CLIENT_MEM=1647193920
STS_SERVER_SYSTEM=2.886050
STS_SERVER_USER=0.031130
STS_SERVER_MEM=1604529744
STS_BW=8344030958.6995
STS_RTS=9832
