SUM_CLIENT_SYSTEM=6.386688
SUM_CLIENT_USER=0.233106
SUM_CLIENT_MEM=1715056384
SUM_SERVER_SYSTEM=3.799973
SUM_SERVER_USER=0.144539
SUM_SERVER_MEM=1636178297
SUM_BW=8535668925.344655
SUM_JITTER=0.0470464418194575
SUM_LOST=77.2863472452887
