SUS_CLIENT_SYSTEM=2.212227
SUS_CLIENT_USER=0.044405
SUS_CLIENT_MEM=1604383808
SUS_SERVER_SYSTEM=2.307932
SUS_SERVER_USER=0.107201
SUS_SERVER_MEM=1596958019
SUS_BW=4386237202.34713
SUS_JITTER=0.020321666800775216
SUS_LOST=12.800556373844776
