DTM_CLIENT_SYSTEM=0.839365
DTM_CLIENT_USER=0.033404
DTM_CLIENT_MEM=1614500736
DTM_SERVER_SYSTEM=1.592724
DTM_SERVER_USER=0.057656
DTM_SERVER_MEM=1609804422
DTM_BW=39116692533.0633
DTM_RTS=17387
