DTM_CLIENT_SYSTEM=0.987867
DTM_CLIENT_USER=0.043228
DTM_CLIENT_MEM=1633532800
DTM_SERVER_SYSTEM=1.658366
DTM_SERVER_USER=0.055216
DTM_SERVER_MEM=1612084493
DTM_BW=39329524192.081261
DTM_RTS=38180
