DTS_CLIENT_SYSTEM=0.390036
DTS_CLIENT_USER=0.032121
DTS_CLIENT_MEM=1653376448
DTS_SERVER_SYSTEM=0.598587
DTS_SERVER_USER=0.024907
DTS_SERVER_MEM=1617988284
DTS_BW=22349827892.57093
DTS_RTS=15800
