DTS_CLIENT_SYSTEM=0.391983
DTS_CLIENT_USER=0.023106
DTS_CLIENT_MEM=1655273280
DTS_SERVER_SYSTEM=0.631814
DTS_SERVER_USER=0.027188
DTS_SERVER_MEM=1602258836
DTS_BW=22593002484.349983
DTS_RTS=18553
