DUM_CLIENT_SYSTEM=1.630935
DUM_CLIENT_USER=0.187857
DUM_CLIENT_MEM=1580541120
DUM_SERVER_SYSTEM=3.504169
DUM_SERVER_USER=0.257608
DUM_SERVER_MEM=1635529566
DUM_BW=32103369324.150547
DUM_JITTER=0.0097837136767654348
DUM_LOST=5.8440253790563146
