DUM_CLIENT_SYSTEM=1.490648
DUM_CLIENT_USER=0.183936
DUM_CLIENT_MEM=1612043456
DUM_SERVER_SYSTEM=3.407556
DUM_SERVER_USER=0.249063
DUM_SERVER_MEM=1634967120
DUM_BW=31236263009.588051
DUM_JITTER=0.00629658034703029
DUM_LOST=2.8473799771419648
