DUS_CLIENT_SYSTEM=0.261083
DUS_CLIENT_USER=0.043268
DUS_CLIENT_MEM=1620705152
DUS_SERVER_SYSTEM=0.933375
DUS_SERVER_USER=0.096533
DUS_SERVER_MEM=1632610411
DUS_BW=7190914113.5029631
DUS_JITTER=0.0034745068429582566
DUS_LOST=0.62635504776194972
