DUS_CLIENT_SYSTEM=0.286005
DUS_CLIENT_USER=0.034747
DUS_CLIENT_MEM=1619030272
DUS_SERVER_SYSTEM=0.891250
DUS_SERVER_USER=0.106111
DUS_SERVER_MEM=1640529920
DUS_BW=6654167676.0348778
DUS_JITTER=0.00956410193154883
DUS_LOST=1.09595142835529
