IDLE_CLIENT_SYSTEM=0.010833
IDLE_CLIENT_USER=0.025832
IDLE_CLIENT_MEM=1669971902
IDLE_SERVER_SYSTEM=0.011166
IDLE_SERVER_USER=0.025999
IDLE_SERVER_MEM=1683158812
