IDLE_CLIENT_SYSTEM=0.014666
IDLE_CLIENT_USER=0.026165
IDLE_CLIENT_MEM=1690451512
IDLE_SERVER_SYSTEM=0.009667
IDLE_SERVER_USER=0.024833
IDLE_SERVER_MEM=1668781617
