STM_CLIENT_SYSTEM=0.934379
STM_CLIENT_USER=0.042732
STM_CLIENT_MEM=1621172160
STM_SERVER_SYSTEM=1.717340
STM_SERVER_USER=0.053853
STM_SERVER_MEM=1607824330
STM_BW=39296019768.925552
STM_RTS=55152
