STM_CLIENT_SYSTEM=0.971208
STM_CLIENT_USER=0.036686
STM_CLIENT_MEM=1594171968
STM_SERVER_SYSTEM=1.786594
STM_SERVER_USER=0.055903
STM_SERVER_MEM=1627278767
STM_BW=39191648013.459328
STM_RTS=44424
