STS_CLIENT_SYSTEM=0.361503
STS_CLIENT_USER=0.029497
STS_CLIENT_MEM=1636027776
STS_SERVER_SYSTEM=0.641817
STS_SERVER_USER=0.027205
STS_SERVER_MEM=1581084348
STS_BW=23421567132.189865
STS_RTS=28091
