STS_CLIENT_SYSTEM=0.362352
STS_CLIENT_USER=0.022616
STS_CLIENT_MEM=1589172544
STS_SERVER_SYSTEM=0.644650
STS_SERVER_USER=0.028017
STS_SERVER_MEM=1585999063
STS_BW=22626935789.055393
STS_RTS=23172
