SUM_CLIENT_SYSTEM=1.606499
SUM_CLIENT_USER=0.185416
SUM_CLIENT_MEM=1605944256
SUM_SERVER_SYSTEM=3.462220
SUM_SERVER_USER=0.245146
SUM_SERVER_MEM=1647176919
SUM_BW=30076579542.815449
SUM_JITTER=0.010042379979977726
SUM_LOST=8.85821749050097
