SUM_CLIENT_SYSTEM=1.578663
SUM_CLIENT_USER=0.185725
SUM_CLIENT_MEM=1600766464
SUM_SERVER_SYSTEM=3.605377
SUM_SERVER_USER=0.257604
SUM_SERVER_MEM=1631453776
SUM_BW=32141394947.169247
SUM_JITTER=0.0087917429813523153
SUM_LOST=3.5834653171228545
