SUS_CLIENT_SYSTEM=0.254687
SUS_CLIENT_USER=0.039170
SUS_CLIENT_MEM=1599490240
SUS_SERVER_SYSTEM=0.909817
SUS_SERVER_USER=0.101211
SUS_SERVER_MEM=1646977401
SUS_BW=7195602264.0594749
SUS_JITTER=0.0077583265802376429
SUS_LOST=0.70512577043065539
