SUS_CLIENT_SYSTEM=0.275993
SUS_CLIENT_USER=0.038351
SUS_CLIENT_MEM=1602765632
SUS_SERVER_SYSTEM=0.916695
SUS_SERVER_USER=0.093524
SUS_SERVER_MEM=1618111002
SUS_BW=7231822130.5415316
SUS_JITTER=0.0053602273852863353
SUS_LOST=0.81437798828183472
