DTM_CLIENT_SYSTEM=1.474308
DTM_CLIENT_USER=0.642103
DTM_CLIENT_MEM=2399894592
DTM_SERVER_SYSTEM=1.347190
DTM_SERVER_USER=0.546805
DTM_SERVER_MEM=2415902396
DTM_BW=12096330476.103024
DTM_RTS=2533
