DTS_CLIENT_SYSTEM=1.413610
DTS_CLIENT_USER=0.594290
DTS_CLIENT_MEM=2423068672
DTS_SERVER_SYSTEM=1.163379
DTS_SERVER_USER=0.496388
DTS_SERVER_MEM=2382438836
DTS_BW=11188554281.802608
DTS_RTS=1757
