DUM_CLIENT_SYSTEM=5.266112
DUM_CLIENT_USER=0.748128
DUM_CLIENT_MEM=2401029722
DUM_SERVER_SYSTEM=2.316585
DUM_SERVER_USER=0.567759
DUM_SERVER_MEM=2424147865
DUM_BW=6513310034.08001
DUM_JITTER=38.874817134285649
DUM_LOST=80.9148929591387
