DUS_CLIENT_SYSTEM=2.164957
DUS_CLIENT_USER=0.643094
DUS_CLIENT_MEM=2408780458
DUS_SERVER_SYSTEM=1.701189
DUS_SERVER_USER=0.530412
DUS_SERVER_MEM=2406283421
DUS_BW=6222912306.000968
DUS_JITTER=0.31683530606566424
DUS_LOST=72.7118415720018
