IDLE_CLIENT_SYSTEM=0.065500
IDLE_CLIENT_USER=0.108167
IDLE_CLIENT_MEM=2389883540
IDLE_SERVER_SYSTEM=0.055998
IDLE_SERVER_USER=0.097830
IDLE_SERVER_MEM=2376475729
