STM_CLIENT_SYSTEM=1.364389
STM_CLIENT_USER=0.593206
STM_CLIENT_MEM=2414073580
STM_SERVER_SYSTEM=1.351597
STM_SERVER_USER=0.597042
STM_SERVER_MEM=2449839013
STM_BW=10671372904.164856
STM_RTS=983
