STS_CLIENT_SYSTEM=1.303794
STS_CLIENT_USER=0.548433
STS_CLIENT_MEM=2415129280
STS_SERVER_SYSTEM=1.118176
STS_SERVER_USER=0.480011
STS_SERVER_MEM=2443920491
STS_BW=10407325713.647577
STS_RTS=1522
