SUM_CLIENT_SYSTEM=5.317168
SUM_CLIENT_USER=0.747289
SUM_CLIENT_MEM=2398932930
SUM_SERVER_SYSTEM=2.233098
SUM_SERVER_USER=0.580665
SUM_SERVER_MEM=2450379322
SUM_BW=6644745776.2320137
SUM_JITTER=20.847893077392214
SUM_LOST=81.004941932700049
