SUS_CLIENT_SYSTEM=2.281663
SUS_CLIENT_USER=0.618722
SUS_CLIENT_MEM=2415241276
SUS_SERVER_SYSTEM=1.640889
SUS_SERVER_USER=0.492754
SUS_SERVER_MEM=2443921612
SUS_BW=5832786707.1080837
SUS_JITTER=6.53271831642548
SUS_LOST=71.6103511194547
