DTM_CLIENT_SYSTEM=0.946720
DTM_CLIENT_USER=0.042244
DTM_CLIENT_MEM=1994819136
DTM_SERVER_SYSTEM=1.631610
DTM_SERVER_USER=0.054243
DTM_SERVER_MEM=1952257077
DTM_BW=38758775380.048729
DTM_RTS=304660
