DTS_CLIENT_SYSTEM=0.326128
DTS_CLIENT_USER=0.026221
DTS_CLIENT_MEM=1995501824
DTS_SERVER_SYSTEM=0.406457
DTS_SERVER_USER=0.026520
DTS_SERVER_MEM=1943754644
DTS_BW=13230645515.056011
DTS_RTS=140246
