DUM_CLIENT_SYSTEM=1.580232
DUM_CLIENT_USER=0.178112
DUM_CLIENT_MEM=1946584832
DUM_SERVER_SYSTEM=3.685898
DUM_SERVER_USER=0.270885
DUM_SERVER_MEM=1977065525
DUM_BW=30216163200.2219
DUM_JITTER=0.0057602954296948981
DUM_LOST=6.0178887335417
