DUS_CLIENT_SYSTEM=0.286169
DUS_CLIENT_USER=0.039828
DUS_CLIENT_MEM=1971190720
DUS_SERVER_SYSTEM=
DUS_SERVER_USER=
DUS_SERVER_MEM=
DUS_BW=6503725604.440547
DUS_JITTER=0.0052382946973959579
DUS_LOST=0.59808753419488647
