IDLE_CLIENT_SYSTEM=0.013166
IDLE_CLIENT_USER=0.025166
IDLE_CLIENT_MEM=2035653485
IDLE_SERVER_SYSTEM=0.011166
IDLE_SERVER_USER=0.025832
IDLE_SERVER_MEM=1993422360
