STM_CLIENT_SYSTEM=0.915747
STM_CLIENT_USER=0.039146
STM_CLIENT_MEM=1974206528
STM_SERVER_SYSTEM=1.634531
STM_SERVER_USER=0.056830
STM_SERVER_MEM=1943158083
STM_BW=38431421827.3956
STM_RTS=280922
