STS_CLIENT_SYSTEM=0.349710
STS_CLIENT_USER=0.031956
STS_CLIENT_MEM=1968316416
STS_SERVER_SYSTEM=0.412078
STS_SERVER_USER=0.025163
STS_SERVER_MEM=1954318228
STS_BW=11570524211.319618
STS_RTS=157652
