SUM_CLIENT_SYSTEM=1.528972
SUM_CLIENT_USER=0.185777
SUM_CLIENT_MEM=1962618880
SUM_SERVER_SYSTEM=3.515326
SUM_SERVER_USER=0.252302
SUM_SERVER_MEM=1965778351
SUM_BW=30088980231.516388
SUM_JITTER=0.0074885799339478474
SUM_LOST=4.407982672847468
