SUS_CLIENT_SYSTEM=0.276644
SUS_CLIENT_USER=0.045069
SUS_CLIENT_MEM=1967002944
SUS_SERVER_SYSTEM=0.931924
SUS_SERVER_USER=0.105169
SUS_SERVER_MEM=1958241657
SUS_BW=7177621498.79122
SUS_JITTER=0.00582144288711334
SUS_LOST=1.2441996197585188
