DTM_CLIENT_SYSTEM=1.170143
DTM_CLIENT_USER=0.053047
DTM_CLIENT_MEM=1363920384
DTM_SERVER_SYSTEM=1.598387
DTM_SERVER_USER=0.069136
DTM_SERVER_MEM=1382032114
DTM_BW=38936922218.048569
DTM_RTS=139153
