DTM_CLIENT_SYSTEM=0.822088
DTM_CLIENT_USER=0.047327
DTM_CLIENT_MEM=1348272453
DTM_SERVER_SYSTEM=1.641654
DTM_SERVER_USER=0.062250
DTM_SERVER_MEM=1369111659
DTM_BW=29585840613.894958
DTM_RTS=1044415
