DTS_CLIENT_SYSTEM=0.308111
DTS_CLIENT_USER=0.043267
DTS_CLIENT_MEM=1325382144
DTS_SERVER_SYSTEM=0.398966
DTS_SERVER_USER=0.054829
DTS_SERVER_MEM=1360001401
DTS_BW=17674116158.633774
DTS_RTS=2798
