DTS_CLIENT_SYSTEM=0.205359
DTS_CLIENT_USER=0.038843
DTS_CLIENT_MEM=1335556736
DTS_SERVER_SYSTEM=0.383548
DTS_SERVER_USER=0.045760
DTS_SERVER_MEM=1358550932
DTS_BW=7862810418.0610886
DTS_RTS=232223
