DUM_CLIENT_SYSTEM=1.544144
DUM_CLIENT_USER=0.272563
DUM_CLIENT_MEM=1327645696
DUM_SERVER_SYSTEM=2.873772
DUM_SERVER_USER=0.335941
DUM_SERVER_MEM=1405931466
DUM_BW=5707969036.52919
DUM_JITTER=0.030595363663509831
DUM_LOST=18.450437359759793
