DUM_CLIENT_SYSTEM=1.672921
DUM_CLIENT_USER=0.207456
DUM_CLIENT_MEM=1300841856
DUM_SERVER_SYSTEM=3.904291
DUM_SERVER_USER=0.320699
DUM_SERVER_MEM=1388381399
DUM_BW=32593777921.772022
DUM_JITTER=0.012866303805024714
DUM_LOST=6.85769543049042
