DUS_CLIENT_SYSTEM=0.256486
DUS_CLIENT_USER=0.052936
DUS_CLIENT_MEM=1326261120
DUS_SERVER_SYSTEM=0.704725
DUS_SERVER_USER=0.116935
DUS_SERVER_MEM=1396304303
DUS_BW=5745982357.5836439
DUS_JITTER=0.013895113986729631
DUS_LOST=2.5059483310452557
