DUS_CLIENT_SYSTEM=0.202245
DUS_CLIENT_USER=0.051299
DUS_CLIENT_MEM=1324358336
DUS_SERVER_SYSTEM=0.598560
DUS_SERVER_USER=0.088099
DUS_SERVER_MEM=1371377448
DUS_BW=1228810733.6600437
DUS_JITTER=0.00555548743141836
DUS_LOST=0.033203508765867674
