IDLE_CLIENT_SYSTEM=0.019833
IDLE_CLIENT_USER=0.036333
IDLE_CLIENT_MEM=1300788695
IDLE_SERVER_SYSTEM=0.026832
IDLE_SERVER_USER=0.041498
IDLE_SERVER_MEM=1343886352
