IDLE_CLIENT_SYSTEM=0.028666
IDLE_CLIENT_USER=0.037999
IDLE_CLIENT_MEM=1262426534
IDLE_SERVER_SYSTEM=0.028165
IDLE_SERVER_USER=0.042998
IDLE_SERVER_MEM=1330846573
