STM_CLIENT_SYSTEM=0.856254
STM_CLIENT_USER=0.047151
STM_CLIENT_MEM=1349638208
STM_SERVER_SYSTEM=1.745173
STM_SERVER_USER=0.060080
STM_SERVER_MEM=1371408437
STM_BW=29356484679.084885
STM_RTS=1121085
