STM_CLIENT_SYSTEM=1.165864
STM_CLIENT_USER=0.051096
STM_CLIENT_MEM=1361599872
STM_SERVER_SYSTEM=1.671427
STM_SERVER_USER=0.063349
STM_SERVER_MEM=1379996887
STM_BW=38891699339.667854
STM_RTS=146913
