STS_CLIENT_SYSTEM=0.303681
STS_CLIENT_USER=0.036219
STS_CLIENT_MEM=1327856320
STS_SERVER_SYSTEM=0.464858
STS_SERVER_USER=0.049787
STS_SERVER_MEM=1349819930
STS_BW=16192380741.014437
STS_RTS=9098
