STS_CLIENT_SYSTEM=0.255956
STS_CLIENT_USER=0.036706
STS_CLIENT_MEM=1324443840
STS_SERVER_SYSTEM=0.412438
STS_SERVER_USER=0.046954
STS_SERVER_MEM=1381121293
STS_BW=8101743799.57358
STS_RTS=254224
