SUM_CLIENT_SYSTEM=1.685292
SUM_CLIENT_USER=0.215639
SUM_CLIENT_MEM=1321496000
SUM_SERVER_SYSTEM=3.469440
SUM_SERVER_USER=0.269868
SUM_SERVER_MEM=1412226802
SUM_BW=29523788708.043194
SUM_JITTER=0.016005585590987054
SUM_LOST=15.54605637707142
