SUM_CLIENT_SYSTEM=1.510933
SUM_CLIENT_USER=0.286299
SUM_CLIENT_MEM=1333932096
SUM_SERVER_SYSTEM=2.706315
SUM_SERVER_USER=0.306970
SUM_SERVER_MEM=1390263511
SUM_BW=5639061893.9064455
SUM_JITTER=0.0077391480416580775
SUM_LOST=13.912158759799061
