SUS_CLIENT_SYSTEM=0.196827
SUS_CLIENT_USER=0.051952
SUS_CLIENT_MEM=1339600384
SUS_SERVER_SYSTEM=0.871784
SUS_SERVER_USER=0.126687
SUS_SERVER_MEM=1383021244
SUS_BW=1228392658.0306289
SUS_JITTER=0.0072823823512632975
SUS_LOST=0.24456436531478706
