SUS_CLIENT_SYSTEM=0.243719
SUS_CLIENT_USER=0.053267
SUS_CLIENT_MEM=1340698944
SUS_SERVER_SYSTEM=0.833085
SUS_SERVER_USER=0.119051
SUS_SERVER_MEM=1393401802
SUS_BW=6097798136.8897476
SUS_JITTER=0.00801372841517624
SUS_LOST=0.32388769178287946
