DTM_CLIENT_SYSTEM=0.897241
DTM_CLIENT_USER=0.038975
DTM_CLIENT_MEM=1612097088
DTM_SERVER_SYSTEM=1.526515
DTM_SERVER_USER=0.056818
DTM_SERVER_MEM=1628504010
DTM_BW=36858066972.0093
DTM_RTS=18075
