DTM_CLIENT_SYSTEM=0.979284
DTM_CLIENT_USER=0.043233
DTM_CLIENT_MEM=1630349952
DTM_SERVER_SYSTEM=1.667591
DTM_SERVER_USER=0.057209
DTM_SERVER_MEM=1604466418
DTM_BW=39325070493.433212
DTM_RTS=40731
