DTS_CLIENT_SYSTEM=0.379560
DTS_CLIENT_USER=0.028680
DTS_CLIENT_MEM=1636968448
DTS_SERVER_SYSTEM=0.505834
DTS_SERVER_USER=0.032046
DTS_SERVER_MEM=1609190831
DTS_BW=20174656618.77977
DTS_RTS=15959
