DTS_CLIENT_SYSTEM=0.376119
DTS_CLIENT_USER=0.024419
DTS_CLIENT_MEM=1636911616
DTS_SERVER_SYSTEM=0.553752
DTS_SERVER_USER=0.028006
DTS_SERVER_MEM=1633729643
DTS_BW=21341155165.843018
DTS_RTS=20865
