DUM_CLIENT_SYSTEM=1.824928
DUM_CLIENT_USER=0.207538
DUM_CLIENT_MEM=1580740928
DUM_SERVER_SYSTEM=3.680636
DUM_SERVER_USER=0.282460
DUM_SERVER_MEM=1673834657
DUM_BW=36559363977.537338
DUM_JITTER=0.012107747862417532
DUM_LOST=6.0189378493175241
