DUM_CLIENT_SYSTEM=1.631409
DUM_CLIENT_USER=0.185492
DUM_CLIENT_MEM=1578515520
DUM_SERVER_SYSTEM=3.347712
DUM_SERVER_USER=0.261927
DUM_SERVER_MEM=1620032727
DUM_BW=30905141555.027443
DUM_JITTER=0.012824715760613751
DUM_LOST=9.88626174131239
