DUS_CLIENT_SYSTEM=0.292397
DUS_CLIENT_USER=0.037861
DUS_CLIENT_MEM=1600091584
DUS_SERVER_SYSTEM=0.904703
DUS_SERVER_USER=0.108153
DUS_SERVER_MEM=1660382315
DUS_BW=6795063874.4079227
DUS_JITTER=0.0051730319010252481
DUS_LOST=0.688195647386646
