DUS_CLIENT_SYSTEM=0.255851
DUS_CLIENT_USER=0.047040
DUS_CLIENT_MEM=1598752960
DUS_SERVER_SYSTEM=0.923845
DUS_SERVER_USER=0.101973
DUS_SERVER_MEM=1620039787
DUS_BW=7233823065.77812
DUS_JITTER=0.0056159572619670544
DUS_LOST=1.09067042449279
