IDLE_CLIENT_SYSTEM=0.011000
IDLE_CLIENT_USER=0.030499
IDLE_CLIENT_MEM=1664400432
IDLE_SERVER_SYSTEM=0.011833
IDLE_SERVER_USER=0.027999
IDLE_SERVER_MEM=1673564029
