IDLE_CLIENT_SYSTEM=0.011999
IDLE_CLIENT_USER=0.025499
IDLE_CLIENT_MEM=1647109461
IDLE_SERVER_SYSTEM=0.015499
IDLE_SERVER_USER=0.031999
IDLE_SERVER_MEM=1684929194
