STM_CLIENT_SYSTEM=0.894823
STM_CLIENT_USER=0.039810
STM_CLIENT_MEM=1601575040
STM_SERVER_SYSTEM=1.581439
STM_SERVER_USER=0.052476
STM_SERVER_MEM=1575133722
STM_BW=37516856352.190254
STM_RTS=30344
