STM_CLIENT_SYSTEM=0.968804
STM_CLIENT_USER=0.039302
STM_CLIENT_MEM=1592354112
STM_SERVER_SYSTEM=1.622309
STM_SERVER_USER=0.061158
STM_SERVER_MEM=1628018041
STM_BW=39313439320.531181
STM_RTS=49482
