STS_CLIENT_SYSTEM=0.368234
STS_CLIENT_USER=0.029498
STS_CLIENT_MEM=1600700800
STS_SERVER_SYSTEM=0.653965
STS_SERVER_USER=0.021515
STS_SERVER_MEM=1566092001
STS_BW=22927685769.760368
STS_RTS=24555
