STS_CLIENT_SYSTEM=0.406471
STS_CLIENT_USER=0.022126
STS_CLIENT_MEM=1611882176
STS_SERVER_SYSTEM=0.551813
STS_SERVER_USER=0.029356
STS_SERVER_MEM=1605952134
STS_BW=21499324328.093655
STS_RTS=9553
