SUM_CLIENT_SYSTEM=1.624636
SUM_CLIENT_USER=0.183899
SUM_CLIENT_MEM=1592060928
SUM_SERVER_SYSTEM=3.661433
SUM_SERVER_USER=0.257638
SUM_SERVER_MEM=1617328990
SUM_BW=32145160493.209892
SUM_JITTER=0.00674029024525895
SUM_LOST=4.97029218477845
