SUM_CLIENT_SYSTEM=1.554267
SUM_CLIENT_USER=0.192030
SUM_CLIENT_MEM=1564213824
SUM_SERVER_SYSTEM=3.949970
SUM_SERVER_USER=0.259347
SUM_SERVER_MEM=1650489936
SUM_BW=31143687872.433437
SUM_JITTER=0.00820279295265607
SUM_LOST=5.6944499544632876
