SUS_CLIENT_SYSTEM=0.274846
SUS_CLIENT_USER=0.042776
SUS_CLIENT_MEM=1600567488
SUS_SERVER_SYSTEM=0.967183
SUS_SERVER_USER=0.104564
SUS_SERVER_MEM=1608191568
SUS_BW=6678659382.18962
SUS_JITTER=0.00540187683972206
SUS_LOST=1.228119364583856
