SUS_CLIENT_SYSTEM=0.295323
SUS_CLIENT_USER=0.041791
SUS_CLIENT_MEM=1556671360
SUS_SERVER_SYSTEM=0.763697
SUS_SERVER_USER=0.098978
SUS_SERVER_MEM=1627274994
SUS_BW=6731361641.840436
SUS_JITTER=0.0062680864098828741
SUS_LOST=0.53084297619183274
