DTM_CLIENT_SYSTEM=1.083538
DTM_CLIENT_USER=0.027682
DTM_CLIENT_MEM=1299426816
DTM_SERVER_SYSTEM=1.628555
DTM_SERVER_USER=0.052333
DTM_SERVER_MEM=1270866458
DTM_BW=38668847577.425659
DTM_RTS=447505
