DTM_CLIENT_SYSTEM=1.135820
DTM_CLIENT_USER=0.032751
DTM_CLIENT_MEM=1269647232
DTM_SERVER_SYSTEM=1.708598
DTM_SERVER_USER=0.046961
DTM_SERVER_MEM=1230466802
DTM_BW=38655607091.971359
DTM_RTS=490475
