DTS_CLIENT_SYSTEM=0.420361
DTS_CLIENT_USER=0.023763
DTS_CLIENT_MEM=1278465216
DTS_SERVER_SYSTEM=0.499736
DTS_SERVER_USER=0.024493
DTS_SERVER_MEM=1278060813
DTS_BW=24469667909.186684
DTS_RTS=21894
