DTS_CLIENT_SYSTEM=0.369575
DTS_CLIENT_USER=0.019667
DTS_CLIENT_MEM=1264020096
DTS_SERVER_SYSTEM=0.543580
DTS_SERVER_USER=0.020704
DTS_SERVER_MEM=1241641669
DTS_BW=22715458967.52145
DTS_RTS=23040
