DUM_CLIENT_SYSTEM=4.767764
DUM_CLIENT_USER=0.350935
DUM_CLIENT_MEM=1481891840
DUM_SERVER_SYSTEM=3.659243
DUM_SERVER_USER=0.300382
DUM_SERVER_MEM=1208542046
DUM_BW=35477384937.308716
DUM_JITTER=0.014252409270018886
DUM_LOST=47.832889351056139
