DUM_CLIENT_SYSTEM=4.712224
DUM_CLIENT_USER=0.341596
DUM_CLIENT_MEM=1489881152
DUM_SERVER_SYSTEM=3.730772
DUM_SERVER_USER=0.296692
DUM_SERVER_MEM=1285553637
DUM_BW=33875650667.75375
DUM_JITTER=0.0091642792577418634
DUM_LOST=48.231504155237474
