DUS_CLIENT_SYSTEM=0.456929
DUS_CLIENT_USER=0.041956
DUS_CLIENT_MEM=1249747072
DUS_SERVER_SYSTEM=0.929121
DUS_SERVER_USER=0.124108
DUS_SERVER_MEM=1283690064
DUS_BW=10194969124.338829
DUS_JITTER=0.0020442997602484383
DUS_LOST=10.017686266523485
