DUS_CLIENT_SYSTEM=0.465467
DUS_CLIENT_USER=0.044416
DUS_CLIENT_MEM=1248581056
DUS_SERVER_SYSTEM=1.007199
DUS_SERVER_USER=0.100409
DUS_SERVER_MEM=1239252345
DUS_BW=9851989203.5632057
DUS_JITTER=0.0039605482048678626
DUS_LOST=11.871936181323317
