IDLE_CLIENT_SYSTEM=0.007500
IDLE_CLIENT_USER=0.016499
IDLE_CLIENT_MEM=1284770994
IDLE_SERVER_SYSTEM=0.008500
IDLE_SERVER_USER=0.016666
IDLE_SERVER_MEM=1303810568
