IDLE_CLIENT_SYSTEM=0.009333
IDLE_CLIENT_USER=0.016499
IDLE_CLIENT_MEM=1303996058
IDLE_SERVER_SYSTEM=0.008166
IDLE_SERVER_USER=0.015666
IDLE_SERVER_MEM=1324261701
