STM_CLIENT_SYSTEM=1.218817
STM_CLIENT_USER=0.028992
STM_CLIENT_MEM=1249956800
STM_SERVER_SYSTEM=1.631672
STM_SERVER_USER=0.045080
STM_SERVER_MEM=1214438238
STM_BW=38648368740.126549
STM_RTS=636280
