STM_CLIENT_SYSTEM=1.235938
STM_CLIENT_USER=0.037170
STM_CLIENT_MEM=1249933440
STM_SERVER_SYSTEM=1.735184
STM_SERVER_USER=0.052081
STM_SERVER_MEM=1275360687
STM_BW=38751747876.4245
STM_RTS=675936
