STS_CLIENT_SYSTEM=0.432987
STS_CLIENT_USER=0.016716
STS_CLIENT_MEM=1239492224
STS_SERVER_SYSTEM=0.494253
STS_SERVER_USER=0.018256
STS_SERVER_MEM=1199363664
STS_BW=22504786612.899864
STS_RTS=3711
