STS_CLIENT_SYSTEM=0.415793
STS_CLIENT_USER=0.022289
STS_CLIENT_MEM=1229842368
STS_SERVER_SYSTEM=0.557449
STS_SERVER_USER=0.027588
STS_SERVER_MEM=1270070272
STS_BW=24362071667.373978
STS_RTS=23979
