SUM_CLIENT_SYSTEM=4.357643
SUM_CLIENT_USER=0.320482
SUM_CLIENT_MEM=1464799424
SUM_SERVER_SYSTEM=3.886416
SUM_SERVER_USER=0.277804
SUM_SERVER_MEM=1299604803
SUM_BW=33834060478.739563
SUM_JITTER=0.019150361370105014
SUM_LOST=44.508035309900173
