SUM_CLIENT_SYSTEM=4.360991
SUM_CLIENT_USER=0.331302
SUM_CLIENT_MEM=1491121728
SUM_SERVER_SYSTEM=3.095357
SUM_SERVER_USER=0.279540
SUM_SERVER_MEM=1230795452
SUM_BW=32534639040.353184
SUM_JITTER=0.020434290323234076
SUM_LOST=47.548862484890968
