SUS_CLIENT_SYSTEM=0.483456
SUS_CLIENT_USER=0.039824
SUS_CLIENT_MEM=1242933888
SUS_SERVER_SYSTEM=1.134421
SUS_SERVER_USER=0.118352
SUS_SERVER_MEM=1301049990
SUS_BW=8906279681.0047855
SUS_JITTER=0.0024687456893837077
SUS_LOST=5.9696549938083372
