SUS_CLIENT_SYSTEM=0.467075
SUS_CLIENT_USER=0.040316
SUS_CLIENT_MEM=1231352960
SUS_SERVER_SYSTEM=0.845313
SUS_SERVER_USER=0.107068
SUS_SERVER_MEM=1245160448
SUS_BW=9414171883.3283443
SUS_JITTER=0.0053144513299023281
SUS_LOST=4.5481350247658145
