DTM_CLIENT_SYSTEM=0.146866
DTM_CLIENT_USER=0.046336
DTM_CLIENT_MEM=1659097664
DTM_SERVER_SYSTEM=0.361826
DTM_SERVER_USER=0.049389
DTM_SERVER_MEM=1702959211
DTM_BW=4697404345.2685852
DTM_RTS=14149
