DTS_CLIENT_SYSTEM=0.171747
DTS_CLIENT_USER=0.042445
DTS_CLIENT_MEM=1661568256
DTS_SERVER_SYSTEM=0.211073
DTS_SERVER_USER=0.040726
DTS_SERVER_MEM=1673170566
DTS_BW=6934934749.20773
DTS_RTS=2329
