DUM_CLIENT_SYSTEM=2.199253
DUM_CLIENT_USER=0.257338
DUM_CLIENT_MEM=1647925568
DUM_SERVER_SYSTEM=0.824946
DUM_SERVER_USER=0.100514
DUM_SERVER_MEM=1715046507
DUM_BW=3777013599.3076091
DUM_JITTER=0.12432156202493315
DUM_LOST=87.852540080634824
