DUS_CLIENT_SYSTEM=0.278274
DUS_CLIENT_USER=0.059817
DUS_CLIENT_MEM=1624657024
DUS_SERVER_SYSTEM=0.360705
DUS_SERVER_USER=0.071194
DUS_SERVER_MEM=1705228072
DUS_BW=2041721324.7330887
DUS_JITTER=0.018825728587511255
DUS_LOST=65.783569809674376
