IDLE_CLIENT_SYSTEM=0.025832
IDLE_CLIENT_USER=0.041998
IDLE_CLIENT_MEM=1676635639
IDLE_SERVER_SYSTEM=0.027832
IDLE_SERVER_USER=0.038165
IDLE_SERVER_MEM=1647223174
