STM_CLIENT_SYSTEM=0.138395
STM_CLIENT_USER=0.042747
STM_CLIENT_MEM=1665200064
STM_SERVER_SYSTEM=0.333969
STM_SERVER_USER=0.050724
STM_SERVER_MEM=1693108547
STM_BW=4701358987.2461863
STM_RTS=19184
