STS_CLIENT_SYSTEM=0.026593
STS_CLIENT_USER=0.054171
STS_CLIENT_MEM=1668550025
STS_SERVER_SYSTEM=0.037619
STS_SERVER_USER=0.044337
STS_SERVER_MEM=1693562306
STS_BW=null
STS_RTS=null
