SUM_CLIENT_SYSTEM=2.210230
SUM_CLIENT_USER=0.267127
SUM_CLIENT_MEM=1656448768
SUM_SERVER_SYSTEM=0.839671
SUM_SERVER_USER=0.094725
SUM_SERVER_MEM=1727262181
SUM_BW=3835307609.4332337
SUM_JITTER=0.13981416424826862
SUM_LOST=88.1631794314925
