SUS_CLIENT_SYSTEM=0.261830
SUS_CLIENT_USER=0.066195
SUS_CLIENT_MEM=1647052800
SUS_SERVER_SYSTEM=0.521721
SUS_SERVER_USER=0.091352
SUS_SERVER_MEM=1708333325
SUS_BW=3925877107.1728053
SUS_JITTER=0.0093262646351436954
SUS_LOST=33.315328933759
