DTM_CLIENT_SYSTEM=0.940018
DTM_CLIENT_USER=0.042423
DTM_CLIENT_MEM=1642646080
DTM_SERVER_SYSTEM=1.602121
DTM_SERVER_USER=0.060600
DTM_SERVER_MEM=1698108577
DTM_BW=39315325764.6854
DTM_RTS=51850
