DTM_CLIENT_SYSTEM=0.761228
DTM_CLIENT_USER=0.041781
DTM_CLIENT_MEM=1658181184
DTM_SERVER_SYSTEM=1.401006
DTM_SERVER_USER=0.056522
DTM_SERVER_MEM=1601182558
DTM_BW=37088393896.603638
DTM_RTS=10294
