DTS_CLIENT_SYSTEM=0.362838
DTS_CLIENT_USER=0.029171
DTS_CLIENT_MEM=1649531072
DTS_SERVER_SYSTEM=0.478702
DTS_SERVER_USER=0.035429
DTS_SERVER_MEM=1660752464
DTS_BW=19513312085.399822
DTS_RTS=17578
