DTS_CLIENT_SYSTEM=0.359900
DTS_CLIENT_USER=0.030483
DTS_CLIENT_MEM=1679878080
DTS_SERVER_SYSTEM=0.561265
DTS_SERVER_USER=0.029341
DTS_SERVER_MEM=1602165813
DTS_BW=21570242789.514122
DTS_RTS=24442
