DUM_CLIENT_SYSTEM=1.605308
DUM_CLIENT_USER=0.197592
DUM_CLIENT_MEM=1611997376
DUM_SERVER_SYSTEM=3.467240
DUM_SERVER_USER=0.261321
DUM_SERVER_MEM=1727468328
DUM_BW=31894019214.405575
DUM_JITTER=0.010875355678838405
DUM_LOST=6.84154442902368
