DUM_CLIENT_SYSTEM=1.510126
DUM_CLIENT_USER=0.186308
DUM_CLIENT_MEM=1613677952
DUM_SERVER_SYSTEM=3.571129
DUM_SERVER_USER=0.250686
DUM_SERVER_MEM=1630800464
DUM_BW=31634461317.743217
DUM_JITTER=0.012601173074785156
DUM_LOST=2.0277730020951723
