DUS_CLIENT_SYSTEM=0.269287
DUS_CLIENT_USER=0.046875
DUS_CLIENT_MEM=1625249472
DUS_SERVER_SYSTEM=0.931258
DUS_SERVER_USER=0.115765
DUS_SERVER_MEM=1712913408
DUS_BW=7253495579.2707319
DUS_JITTER=0.00437571403887865
DUS_LOST=0.828720678470651
