DUS_CLIENT_SYSTEM=0.294850
DUS_CLIENT_USER=0.039335
DUS_CLIENT_MEM=1640526144
DUS_SERVER_SYSTEM=0.755174
DUS_SERVER_USER=0.103476
DUS_SERVER_MEM=1625033889
DUS_BW=7227246057.54226
DUS_JITTER=0.00655863931327588
DUS_LOST=0.74254671101438319
