IDLE_CLIENT_SYSTEM=0.016166
IDLE_CLIENT_USER=0.032832
IDLE_CLIENT_MEM=1677256801
IDLE_SERVER_SYSTEM=0.012166
IDLE_SERVER_USER=0.033165
IDLE_SERVER_MEM=1685058446
