IDLE_CLIENT_SYSTEM=0.013333
IDLE_CLIENT_USER=0.030332
IDLE_CLIENT_MEM=1667028439
IDLE_SERVER_SYSTEM=0.013166
IDLE_SERVER_USER=0.026832
IDLE_SERVER_MEM=1664748982
