STM_CLIENT_SYSTEM=0.777039
STM_CLIENT_USER=0.037820
STM_CLIENT_MEM=1635973312
STM_SERVER_SYSTEM=1.465860
STM_SERVER_USER=0.052367
STM_SERVER_MEM=1602636584
STM_BW=35498335180.373947
STM_RTS=28600
