STM_CLIENT_SYSTEM=0.903046
STM_CLIENT_USER=0.044055
STM_CLIENT_MEM=1624157120
STM_SERVER_SYSTEM=1.707376
STM_SERVER_USER=0.058968
STM_SERVER_MEM=1686764921
STM_BW=38181355955.031525
STM_RTS=41303
