STS_CLIENT_SYSTEM=0.371548
STS_CLIENT_USER=0.028518
STS_CLIENT_MEM=1634824064
STS_SERVER_SYSTEM=0.565331
STS_SERVER_USER=0.024327
STS_SERVER_MEM=1593541955
STS_BW=23178604506.344666
STS_RTS=21684
