STS_CLIENT_SYSTEM=0.409892
STS_CLIENT_USER=0.026223
STS_CLIENT_MEM=1629007104
STS_SERVER_SYSTEM=0.622786
STS_SERVER_USER=0.032721
STS_SERVER_MEM=1652011277
STS_BW=22638192842.781281
STS_RTS=8539
