SUM_CLIENT_SYSTEM=1.564891
SUM_CLIENT_USER=0.196123
SUM_CLIENT_MEM=1627093760
SUM_SERVER_SYSTEM=3.335587
SUM_SERVER_USER=0.259080
SUM_SERVER_MEM=1646549908
SUM_BW=31773809046.214031
SUM_JITTER=0.0096141571371226
SUM_LOST=5.343601848824858
