SUM_CLIENT_SYSTEM=1.560294
SUM_CLIENT_USER=0.185722
SUM_CLIENT_MEM=1603410432
SUM_SERVER_SYSTEM=3.530517
SUM_SERVER_USER=0.254604
SUM_SERVER_MEM=1746335043
SUM_BW=
SUM_JITTER=
SUM_LOST=
