SUS_CLIENT_SYSTEM=0.290753
SUS_CLIENT_USER=0.043597
SUS_CLIENT_MEM=1636215680
SUS_SERVER_SYSTEM=0.786421
SUS_SERVER_USER=0.087605
SUS_SERVER_MEM=1643676995
SUS_BW=6757252097.40119
SUS_JITTER=0.0063525305299610849
SUS_LOST=0.46795220278639421
