SUS_CLIENT_SYSTEM=0.280095
SUS_CLIENT_USER=0.042449
SUS_CLIENT_MEM=1604389504
SUS_SERVER_SYSTEM=1.090223
SUS_SERVER_USER=0.120234
SUS_SERVER_MEM=1746604085
SUS_BW=7190446903.5979776
SUS_JITTER=0.0070208994393070245
SUS_LOST=1.4114877171305287
