DTM_CLIENT_SYSTEM=0.930655
DTM_CLIENT_USER=0.034541
DTM_CLIENT_MEM=1918443712
DTM_SERVER_SYSTEM=1.576164
DTM_SERVER_USER=0.061672
DTM_SERVER_MEM=1977563944
DTM_BW=39197777582.368118
DTM_RTS=44201
