DTM_CLIENT_SYSTEM=0.916937
DTM_CLIENT_USER=0.038485
DTM_CLIENT_MEM=1927919616
DTM_SERVER_SYSTEM=1.532476
DTM_SERVER_USER=0.054263
DTM_SERVER_MEM=1951550032
DTM_BW=38781332169.359756
DTM_RTS=43707
