DTS_CLIENT_SYSTEM=0.375608
DTS_CLIENT_USER=0.025401
DTS_CLIENT_MEM=1955831360
DTS_SERVER_SYSTEM=0.573296
DTS_SERVER_USER=0.026250
DTS_SERVER_MEM=1955830029
DTS_BW=21405358123.030457
DTS_RTS=23919
