DTS_CLIENT_SYSTEM=0.401180
DTS_CLIENT_USER=0.025893
DTS_CLIENT_MEM=1959926016
DTS_SERVER_SYSTEM=0.507055
DTS_SERVER_USER=0.031928
DTS_SERVER_MEM=1981116038
DTS_BW=23059432449.646179
DTS_RTS=14241
