DUM_CLIENT_SYSTEM=1.505981
DUM_CLIENT_USER=0.181714
DUM_CLIENT_MEM=1912732992
DUM_SERVER_SYSTEM=3.307126
DUM_SERVER_USER=0.262253
DUM_SERVER_MEM=1987980018
DUM_BW=31069215286.362671
DUM_JITTER=0.00895226341474338
DUM_LOST=5.5955156276879681
