DUM_CLIENT_SYSTEM=1.589543
DUM_CLIENT_USER=0.180347
DUM_CLIENT_MEM=1916966912
DUM_SERVER_SYSTEM=3.433116
DUM_SERVER_USER=0.272566
DUM_SERVER_MEM=2005981022
DUM_BW=31079296954.646317
DUM_JITTER=0.0087193602498240232
DUM_LOST=6.3984559031768
