DUS_CLIENT_SYSTEM=0.273539
DUS_CLIENT_USER=0.042121
DUS_CLIENT_MEM=1896259008
DUS_SERVER_SYSTEM=0.832758
DUS_SERVER_USER=0.106597
DUS_SERVER_MEM=1944335952
DUS_BW=7203632151.8722572
DUS_JITTER=0.011027863074268066
DUS_LOST=0.94572143030537159
