DUS_CLIENT_SYSTEM=0.263714
DUS_CLIENT_USER=0.039500
DUS_CLIENT_MEM=1942326912
DUS_SERVER_SYSTEM=0.930855
DUS_SERVER_USER=0.105908
DUS_SERVER_MEM=1989052308
DUS_BW=7259703514.02595
DUS_JITTER=0.0064236634500244539
DUS_LOST=0.5958310346776976
