IDLE_CLIENT_SYSTEM=0.011000
IDLE_CLIENT_USER=0.024333
IDLE_CLIENT_MEM=1995654745
IDLE_SERVER_SYSTEM=0.017666
IDLE_SERVER_USER=0.030832
IDLE_SERVER_MEM=2015750111
