IDLE_CLIENT_SYSTEM=0.013166
IDLE_CLIENT_USER=0.030498
IDLE_CLIENT_MEM=1959268482
IDLE_SERVER_SYSTEM=0.010499
IDLE_SERVER_USER=0.023499
IDLE_SERVER_MEM=1991837208
