STM_CLIENT_SYSTEM=0.899401
STM_CLIENT_USER=0.042899
STM_CLIENT_MEM=1929123904
STM_SERVER_SYSTEM=1.616149
STM_SERVER_USER=0.054507
STM_SERVER_MEM=1959280047
STM_BW=39200900110.115013
STM_RTS=25539
