STM_CLIENT_SYSTEM=0.905355
STM_CLIENT_USER=0.034387
STM_CLIENT_MEM=1900943552
STM_SERVER_SYSTEM=1.777931
STM_SERVER_USER=0.056275
STM_SERVER_MEM=1981026465
STM_BW=39188327042.344742
STM_RTS=50703
