STS_CLIENT_SYSTEM=0.387610
STS_CLIENT_USER=0.025404
STS_CLIENT_MEM=1915441792
STS_SERVER_SYSTEM=0.649291
STS_SERVER_USER=0.030989
STS_SERVER_MEM=1962004156
STS_BW=25188807010.983242
STS_RTS=23524
