STS_CLIENT_SYSTEM=0.407237
STS_CLIENT_USER=0.025073
STS_CLIENT_MEM=1942274816
STS_SERVER_SYSTEM=0.599113
STS_SERVER_USER=0.027054
STS_SERVER_MEM=1952786539
STS_BW=22137768822.4091
STS_RTS=13328
