SUM_CLIENT_SYSTEM=1.544965
SUM_CLIENT_USER=0.179727
SUM_CLIENT_MEM=1919765760
SUM_SERVER_SYSTEM=3.649246
SUM_SERVER_USER=0.272328
SUM_SERVER_MEM=2006653736
SUM_BW=31840188492.503689
SUM_JITTER=0.01185386406577439
SUM_LOST=1.7341727737529324
