SUM_CLIENT_SYSTEM=1.565858
SUM_CLIENT_USER=0.187582
SUM_CLIENT_MEM=1918229952
SUM_SERVER_SYSTEM=3.390280
SUM_SERVER_USER=0.254501
SUM_SERVER_MEM=1971146805
SUM_BW=32603744245.77663
SUM_JITTER=0.00873386919985658
SUM_LOST=1.7289305861004565
