SUS_CLIENT_SYSTEM=0.268126
SUS_CLIENT_USER=0.044087
SUS_CLIENT_MEM=1928662208
SUS_SERVER_SYSTEM=0.961996
SUS_SERVER_USER=0.097106
SUS_SERVER_MEM=1979699685
SUS_BW=7198859982.9729042
SUS_JITTER=0.003721680777222393
SUS_LOST=0.908137968515075
