SUS_CLIENT_SYSTEM=0.288772
SUS_CLIENT_USER=0.035072
SUS_CLIENT_MEM=1929483584
SUS_SERVER_SYSTEM=0.909349
SUS_SERVER_USER=0.108494
SUS_SERVER_MEM=1998037746
SUS_BW=6582858422.1173582
SUS_JITTER=0.11288884272045988
SUS_LOST=0.52221390010422764
