DTM_CLIENT_SYSTEM=1.001458
DTM_CLIENT_USER=0.040949
DTM_CLIENT_MEM=1640162255
DTM_SERVER_SYSTEM=1.645139
DTM_SERVER_USER=0.059572
DTM_SERVER_MEM=1608456677
DTM_BW=39326121638.413269
DTM_RTS=39145
