DTM_CLIENT_SYSTEM=0.952568
DTM_CLIENT_USER=0.035541
DTM_CLIENT_MEM=1619827968
DTM_SERVER_SYSTEM=1.627007
DTM_SERVER_USER=0.058610
DTM_SERVER_MEM=1627677749
DTM_BW=39211013784.535065
DTM_RTS=27393
