DTS_CLIENT_SYSTEM=0.370213
DTS_CLIENT_USER=0.025894
DTS_CLIENT_MEM=1632063104
DTS_SERVER_SYSTEM=0.562360
DTS_SERVER_USER=0.025986
DTS_SERVER_MEM=1625547452
DTS_BW=21190071354.039948
DTS_RTS=19676
