DTS_CLIENT_SYSTEM=0.379882
DTS_CLIENT_USER=0.034579
DTS_CLIENT_MEM=1644498368
DTS_SERVER_SYSTEM=0.614493
DTS_SERVER_USER=0.028288
DTS_SERVER_MEM=1610593765
DTS_BW=22293187999.043053
DTS_RTS=22738
