DUM_CLIENT_SYSTEM=1.861102
DUM_CLIENT_USER=0.212543
DUM_CLIENT_MEM=1625705536
DUM_SERVER_SYSTEM=3.656949
DUM_SERVER_USER=0.271507
DUM_SERVER_MEM=1645226469
DUM_BW=35533457999.452217
DUM_JITTER=0.013997609116952336
DUM_LOST=8.9860670179574438
