DUM_CLIENT_SYSTEM=1.612639
DUM_CLIENT_USER=0.189028
DUM_CLIENT_MEM=1572371776
DUM_SERVER_SYSTEM=3.425895
DUM_SERVER_USER=0.259135
DUM_SERVER_MEM=1652402391
DUM_BW=32228697778.728565
DUM_JITTER=0.0063291368068324454
DUM_LOST=3.6789881340406119
