DUS_CLIENT_SYSTEM=0.259772
DUS_CLIENT_USER=0.037040
DUS_CLIENT_MEM=1610056256
DUS_SERVER_SYSTEM=0.938532
DUS_SERVER_USER=0.107771
DUS_SERVER_MEM=1666995846
DUS_BW=7235120862.9060574
DUS_JITTER=0.0048496066930346733
DUS_LOST=1.09378897440214
