DUS_CLIENT_SYSTEM=0.271555
DUS_CLIENT_USER=0.045560
DUS_CLIENT_MEM=1618865728
DUS_SERVER_SYSTEM=0.984501
DUS_SERVER_USER=0.108291
DUS_SERVER_MEM=1615984262
DUS_BW=7200912480.9785128
DUS_JITTER=0.0046436067650718173
DUS_LOST=1.4862112228683837
