IDLE_CLIENT_SYSTEM=0.011166
IDLE_CLIENT_USER=0.025165
IDLE_CLIENT_MEM=1676755919
IDLE_SERVER_SYSTEM=0.011167
IDLE_SERVER_USER=0.030167
IDLE_SERVER_MEM=1697682266
