IDLE_CLIENT_SYSTEM=0.013166
IDLE_CLIENT_USER=0.026166
IDLE_CLIENT_MEM=1666028040
IDLE_SERVER_SYSTEM=0.014333
IDLE_SERVER_USER=0.029332
IDLE_SERVER_MEM=1695578794
