STM_CLIENT_SYSTEM=0.958245
STM_CLIENT_USER=0.039954
STM_CLIENT_MEM=1603653696
STM_SERVER_SYSTEM=1.669668
STM_SERVER_USER=0.057402
STM_SERVER_MEM=1624418411
STM_BW=38849817384.649925
STM_RTS=31999
