STM_CLIENT_SYSTEM=1.017193
STM_CLIENT_USER=0.042410
STM_CLIENT_MEM=1640031232
STM_SERVER_SYSTEM=1.694654
STM_SERVER_USER=0.059538
STM_SERVER_MEM=1615710261
STM_BW=39216654904.468231
STM_RTS=46196
