STS_CLIENT_SYSTEM=0.370352
STS_CLIENT_USER=0.027858
STS_CLIENT_MEM=1619822272
STS_SERVER_SYSTEM=0.603792
STS_SERVER_USER=0.029506
STS_SERVER_MEM=1595174912
STS_BW=22857770789.229633
STS_RTS=26510
