STS_CLIENT_SYSTEM=0.406083
STS_CLIENT_USER=0.025073
STS_CLIENT_MEM=1609715072
STS_SERVER_SYSTEM=0.643519
STS_SERVER_USER=0.026937
STS_SERVER_MEM=1606781790
STS_BW=22753544832.360378
STS_RTS=15741
