SUM_CLIENT_SYSTEM=1.576774
SUM_CLIENT_USER=0.182351
SUM_CLIENT_MEM=1592725952
SUM_SERVER_SYSTEM=3.798616
SUM_SERVER_USER=0.283475
SUM_SERVER_MEM=1639005938
SUM_BW=32314228867.4133
SUM_JITTER=0.0097522386461794
SUM_LOST=1.9435953246429707
