SUM_CLIENT_SYSTEM=1.614393
SUM_CLIENT_USER=0.179177
SUM_CLIENT_MEM=1598403456
SUM_SERVER_SYSTEM=3.289876
SUM_SERVER_USER=0.276040
SUM_SERVER_MEM=1680500789
SUM_BW=30917818407.895565
SUM_JITTER=0.0071361865601107643
SUM_LOST=7.91356117533836
