SUS_CLIENT_SYSTEM=0.265336
SUS_CLIENT_USER=0.045561
SUS_CLIENT_MEM=1590222976
SUS_SERVER_SYSTEM=0.827052
SUS_SERVER_USER=0.106088
SUS_SERVER_MEM=1671273472
SUS_BW=7235819377.5407839
SUS_JITTER=0.0438333568885386
SUS_LOST=0.95248070947243457
