SUS_CLIENT_SYSTEM=0.269278
SUS_CLIENT_USER=0.040482
SUS_CLIENT_MEM=1618566528
SUS_SERVER_SYSTEM=0.872396
SUS_SERVER_USER=0.106934
SUS_SERVER_MEM=1642129569
SUS_BW=7195841223.6815
SUS_JITTER=0.011699178629096552
SUS_LOST=0.82491262620432271
