DTM_CLIENT_SYSTEM=0.724578
DTM_CLIENT_USER=0.101687
DTM_CLIENT_MEM=1390681024
DTM_SERVER_SYSTEM=1.989605
DTM_SERVER_USER=0.102323
DTM_SERVER_MEM=1371892412
DTM_BW=39154524166.833862
DTM_RTS=42390
