DTM_CLIENT_SYSTEM=0.920365
DTM_CLIENT_USER=0.115005
DTM_CLIENT_MEM=1417799552
DTM_SERVER_SYSTEM=1.923551
DTM_SERVER_USER=0.098675
DTM_SERVER_MEM=1373896111
DTM_BW=39229230633.6518
DTM_RTS=51126
