DTS_CLIENT_SYSTEM=0.253065
DTS_CLIENT_USER=0.093096
DTS_CLIENT_MEM=1349021568
DTS_SERVER_SYSTEM=0.282260
DTS_SERVER_USER=0.064710
DTS_SERVER_MEM=1372972732
DTS_BW=11025914759.109524
DTS_RTS=18545
