DTS_CLIENT_SYSTEM=0.460505
DTS_CLIENT_USER=0.095542
DTS_CLIENT_MEM=1398797312
DTS_SERVER_SYSTEM=0.528697
DTS_SERVER_USER=0.061363
DTS_SERVER_MEM=1369399511
DTS_BW=19446978731.557323
DTS_RTS=4444
