DUM_CLIENT_SYSTEM=2.335709
DUM_CLIENT_USER=0.242648
DUM_CLIENT_MEM=1382980992
DUM_SERVER_SYSTEM=3.181486
DUM_SERVER_USER=0.296381
DUM_SERVER_MEM=1400322155
DUM_BW=29693507888.102779
DUM_JITTER=0.015373503158256379
DUM_LOST=2.0888126698260425
