DUM_CLIENT_SYSTEM=2.498362
DUM_CLIENT_USER=0.253227
DUM_CLIENT_MEM=1363543552
DUM_SERVER_SYSTEM=3.526543
DUM_SERVER_USER=0.287375
DUM_SERVER_MEM=1396633707
DUM_BW=32796372227.419327
DUM_JITTER=0.0094088569183963557
DUM_LOST=1.6552360793987946
