DUS_CLIENT_SYSTEM=0.299762
DUS_CLIENT_USER=0.111284
DUS_CLIENT_MEM=1357022744
DUS_SERVER_SYSTEM=0.811162
DUS_SERVER_USER=0.131269
DUS_SERVER_MEM=1395100510
DUS_BW=7219738097.8229151
DUS_JITTER=0.0046773640581968378
DUS_LOST=0.76118178819749049
