DUS_CLIENT_SYSTEM=0.310410
DUS_CLIENT_USER=0.121771
DUS_CLIENT_MEM=1383920384
DUS_SERVER_SYSTEM=0.977235
DUS_SERVER_USER=0.130551
DUS_SERVER_MEM=1394881643
DUS_BW=7223603407.37178
DUS_JITTER=0.0057802607775231827
DUS_LOST=0.692506129714788
