IDLE_CLIENT_SYSTEM=0.060500
IDLE_CLIENT_USER=0.086500
IDLE_CLIENT_MEM=1327845508
IDLE_SERVER_SYSTEM=0.046167
IDLE_SERVER_USER=0.057500
IDLE_SERVER_MEM=1403531396
