IDLE_CLIENT_SYSTEM=0.055164
IDLE_CLIENT_USER=0.082496
IDLE_CLIENT_MEM=1296506489
IDLE_SERVER_SYSTEM=0.045167
IDLE_SERVER_USER=0.065333
IDLE_SERVER_MEM=1389782049
