STM_CLIENT_SYSTEM=0.700889
STM_CLIENT_USER=0.095985
STM_CLIENT_MEM=1377644800
STM_SERVER_SYSTEM=1.985107
STM_SERVER_USER=0.093420
STM_SERVER_MEM=1388568953
STM_BW=39134361569.296524
STM_RTS=69196
