STM_CLIENT_SYSTEM=1.013129
STM_CLIENT_USER=0.117208
STM_CLIENT_MEM=1404973376
STM_SERVER_SYSTEM=1.922156
STM_SERVER_USER=0.104036
STM_SERVER_MEM=1388092631
STM_BW=39115112203.238869
STM_RTS=46205
