STS_CLIENT_SYSTEM=0.479851
STS_CLIENT_USER=0.100133
STS_CLIENT_MEM=1390214208
STS_SERVER_SYSTEM=0.592151
STS_SERVER_USER=0.065885
STS_SERVER_MEM=1355264485
STS_BW=20394123797.527718
STS_RTS=4224
