STS_CLIENT_SYSTEM=0.255498
STS_CLIENT_USER=0.096365
STS_CLIENT_MEM=1351705920
STS_SERVER_SYSTEM=0.282887
STS_SERVER_USER=0.064428
STS_SERVER_MEM=1395279171
STS_BW=10598482934.927589
STS_RTS=7468
