SUM_CLIENT_SYSTEM=2.500737
SUM_CLIENT_USER=0.281572
SUM_CLIENT_MEM=1369727808
SUM_SERVER_SYSTEM=3.654770
SUM_SERVER_USER=0.316835
SUM_SERVER_MEM=1407670972
SUM_BW=35547261404.061821
SUM_JITTER=0.012863787954471444
SUM_LOST=9.7087400460097673
