SUM_CLIENT_SYSTEM=2.728345
SUM_CLIENT_USER=0.286548
SUM_CLIENT_MEM=1378457024
SUM_SERVER_SYSTEM=3.722215
SUM_SERVER_USER=0.306663
SUM_SERVER_MEM=1369432818
SUM_BW=36234099362.522148
SUM_JITTER=0.011369777913624431
SUM_LOST=7.7167511631531518
