SUS_CLIENT_SYSTEM=0.314815
SUS_CLIENT_USER=0.120944
SUS_CLIENT_MEM=1372954944
SUS_SERVER_SYSTEM=0.895959
SUS_SERVER_USER=0.133487
SUS_SERVER_MEM=1374581867
SUS_BW=7223239267.35121
SUS_JITTER=0.0089640617034045227
SUS_LOST=0.72471287607745449
