SUS_CLIENT_SYSTEM=0.355299
SUS_CLIENT_USER=0.111932
SUS_CLIENT_MEM=1345510592
SUS_SERVER_SYSTEM=0.878980
SUS_SERVER_USER=0.140425
SUS_SERVER_MEM=1388457714
SUS_BW=7096611460.9292622
SUS_JITTER=0.0066322389052657464
SUS_LOST=0.72392756697559479
