DTM_CLIENT_SYSTEM=1.207998
DTM_CLIENT_USER=0.032587
DTM_CLIENT_MEM=1273913728
DTM_SERVER_SYSTEM=1.766895
DTM_SERVER_USER=0.048716
DTM_SERVER_MEM=1268299452
DTM_BW=38764049696.296333
DTM_RTS=596428
