DTM_CLIENT_SYSTEM=1.188839
DTM_CLIENT_USER=0.031932
DTM_CLIENT_MEM=1250209600
DTM_SERVER_SYSTEM=1.709065
DTM_SERVER_USER=0.048417
DTM_SERVER_MEM=1261516853
DTM_BW=38915671020.162178
DTM_RTS=565086
