DTS_CLIENT_SYSTEM=0.419221
DTS_CLIENT_USER=0.018191
DTS_CLIENT_MEM=1259882176
DTS_SERVER_SYSTEM=0.550136
DTS_SERVER_USER=0.023272
DTS_SERVER_MEM=1253065728
DTS_BW=22170481355.61401
DTS_RTS=6460
