DTS_CLIENT_SYSTEM=0.372544
DTS_CLIENT_USER=0.019176
DTS_CLIENT_MEM=1269216512
DTS_SERVER_SYSTEM=0.582870
DTS_SERVER_USER=0.022736
DTS_SERVER_MEM=1263135258
DTS_BW=23044370259.29705
DTS_RTS=26952
