DUM_CLIENT_SYSTEM=4.765306
DUM_CLIENT_USER=0.353392
DUM_CLIENT_MEM=1458718976
DUM_SERVER_SYSTEM=3.705398
DUM_SERVER_USER=0.299176
DUM_SERVER_MEM=1261799962
DUM_BW=36439994943.872314
DUM_JITTER=0.015047628782140065
DUM_LOST=45.3653435078179
