DUM_CLIENT_SYSTEM=4.651189
DUM_CLIENT_USER=0.347991
DUM_CLIENT_MEM=1463637312
DUM_SERVER_SYSTEM=
DUM_SERVER_USER=
DUM_SERVER_MEM=
DUM_BW=30637695354.085911
DUM_JITTER=0.015880913743940774
DUM_LOST=53.051884247033151
