DUS_CLIENT_SYSTEM=0.485618
DUS_CLIENT_USER=0.037204
DUS_CLIENT_MEM=1257098496
DUS_SERVER_SYSTEM=1.048886
DUS_SERVER_USER=0.112168
DUS_SERVER_MEM=1264277018
DUS_BW=9365886389.45371
DUS_JITTER=0.0039361105092974866
DUS_LOST=4.3597443304756673
