DUS_CLIENT_SYSTEM=0.491870
DUS_CLIENT_USER=0.042615
DUS_CLIENT_MEM=1227788416
DUS_SERVER_SYSTEM=0.908488
DUS_SERVER_USER=0.113612
DUS_SERVER_MEM=1260257118
DUS_BW=9898429054.94082
DUS_JITTER=0.0024691593303068841
DUS_LOST=9.2124682558954269
