IDLE_CLIENT_SYSTEM=0.009000
IDLE_CLIENT_USER=0.014000
IDLE_CLIENT_MEM=1248413923
IDLE_SERVER_SYSTEM=0.006833
IDLE_SERVER_USER=0.018333
IDLE_SERVER_MEM=1301222676
