IDLE_CLIENT_SYSTEM=0.007833
IDLE_CLIENT_USER=0.014833
IDLE_CLIENT_MEM=1325513646
IDLE_SERVER_SYSTEM=0.011166
IDLE_SERVER_USER=0.019333
IDLE_SERVER_MEM=1306776787
