STM_CLIENT_SYSTEM=1.184532
STM_CLIENT_USER=0.034382
STM_CLIENT_MEM=1235465792
STM_SERVER_SYSTEM=1.752378
STM_SERVER_USER=0.045460
STM_SERVER_MEM=1245627553
STM_BW=38907835646.439575
STM_RTS=520945
