STM_CLIENT_SYSTEM=1.209784
STM_CLIENT_USER=0.029635
STM_CLIENT_MEM=1250142080
STM_SERVER_SYSTEM=1.793020
STM_SERVER_USER=0.045566
STM_SERVER_MEM=1260761626
STM_BW=38700500439.383812
STM_RTS=658612
