STS_CLIENT_SYSTEM=0.443847
STS_CLIENT_USER=0.019832
STS_CLIENT_MEM=1230330880
STS_SERVER_SYSTEM=0.578469
STS_SERVER_USER=0.021515
STS_SERVER_MEM=1248955553
STS_BW=21664350686.953869
STS_RTS=1322
