STS_CLIENT_SYSTEM=0.380556
STS_CLIENT_USER=0.013931
STS_CLIENT_MEM=1219641600
STS_SERVER_SYSTEM=0.581978
STS_SERVER_USER=0.021384
STS_SERVER_MEM=1235439184
STS_BW=22533884794.897942
STS_RTS=19666
