SUM_CLIENT_SYSTEM=4.307740
SUM_CLIENT_USER=0.320815
SUM_CLIENT_MEM=1435596032
SUM_SERVER_SYSTEM=3.697981
SUM_SERVER_USER=0.299935
SUM_SERVER_MEM=1257550416
SUM_BW=35394191121.628464
SUM_JITTER=0.00937374690059455
SUM_LOST=42.41101891193933
