SUM_CLIENT_SYSTEM=4.346180
SUM_CLIENT_USER=0.328385
SUM_CLIENT_MEM=1492776896
SUM_SERVER_SYSTEM=3.879838
SUM_SERVER_USER=0.310825
SUM_SERVER_MEM=1286398976
SUM_BW=34162648761.882626
SUM_JITTER=0.023806953063644946
SUM_LOST=45.012123632411871
