SUS_CLIENT_SYSTEM=0.491347
SUS_CLIENT_USER=0.034745
SUS_CLIENT_MEM=1220959488
SUS_SERVER_SYSTEM=0.830663
SUS_SERVER_USER=0.106402
SUS_SERVER_MEM=1274658654
SUS_BW=8926422953.7288933
SUS_JITTER=0.0068844656136097943
SUS_LOST=4.4465669839365143
