SUS_CLIENT_SYSTEM=0.466264
SUS_CLIENT_USER=0.034744
SUS_CLIENT_MEM=1246365504
SUS_SERVER_SYSTEM=0.842446
SUS_SERVER_USER=0.107725
SUS_SERVER_MEM=1291610974
SUS_BW=9281944204.7837
SUS_JITTER=0.0064954037862206739
SUS_LOST=4.4939334868579337
