DTM_CLIENT_SYSTEM=0.131958
DTM_CLIENT_USER=0.028978
DTM_CLIENT_MEM=1615050816
DTM_SERVER_SYSTEM=0.277902
DTM_SERVER_USER=0.031915
DTM_SERVER_MEM=1662951801
DTM_BW=5397501104.8884974
DTM_RTS=20047
