DTM_CLIENT_SYSTEM=0.124773
DTM_CLIENT_USER=0.028000
DTM_CLIENT_MEM=1611846784
DTM_SERVER_SYSTEM=0.266416
DTM_SERVER_USER=0.032203
DTM_SERVER_MEM=1653037972
DTM_BW=5304270451.2270069
DTM_RTS=23986
