DTS_CLIENT_SYSTEM=0.073756
DTS_CLIENT_USER=0.024421
DTS_CLIENT_MEM=1634781696
DTS_SERVER_SYSTEM=0.145182
DTS_SERVER_USER=0.028143
DTS_SERVER_MEM=1672098115
DTS_BW=5050534564.8936644
DTS_RTS=18986
