DTS_CLIENT_SYSTEM=0.089976
DTS_CLIENT_USER=0.029664
DTS_CLIENT_MEM=1643103296
DTS_SERVER_SYSTEM=0.147871
DTS_SERVER_USER=0.029628
DTS_SERVER_MEM=1677206689
DTS_BW=4636857806.56151
DTS_RTS=52829
