DUM_CLIENT_SYSTEM=1.042042
DUM_CLIENT_USER=0.164171
DUM_CLIENT_MEM=1687039232
DUM_SERVER_SYSTEM=0.809535
DUM_SERVER_USER=0.084823
DUM_SERVER_MEM=1661997594
DUM_BW=4518846730.91569
DUM_JITTER=0.14417801386939133
DUM_LOST=73.8357321590685
