DUM_CLIENT_SYSTEM=1.014012
DUM_CLIENT_USER=0.155964
DUM_CLIENT_MEM=1649611727
DUM_SERVER_SYSTEM=0.739723
DUM_SERVER_USER=0.074419
DUM_SERVER_MEM=1665227021
DUM_BW=4309265683.2727
DUM_JITTER=0.13533658764102977
DUM_LOST=74.672379970048851
