DUS_CLIENT_SYSTEM=0.164378
DUS_CLIENT_USER=0.044741
DUS_CLIENT_MEM=1621517568
DUS_SERVER_SYSTEM=0.438366
DUS_SERVER_USER=0.050211
DUS_SERVER_MEM=1636928080
DUS_BW=3318504578.91509
DUS_JITTER=0.00965875724237572
DUS_LOST=0.39037953448176038
