DUS_CLIENT_SYSTEM=0.168491
DUS_CLIENT_USER=0.044909
DUS_CLIENT_MEM=1612710016
DUS_SERVER_SYSTEM=0.499553
DUS_SERVER_USER=0.053717
DUS_SERVER_MEM=1647270534
DUS_BW=3530662730.4254942
DUS_JITTER=0.0028422603468100612
DUS_LOST=0.030037750325686473
