IDLE_CLIENT_SYSTEM=0.009166
IDLE_CLIENT_USER=0.023166
IDLE_CLIENT_MEM=1676445143
IDLE_SERVER_SYSTEM=0.012500
IDLE_SERVER_USER=0.026332
IDLE_SERVER_MEM=1691643123
