IDLE_CLIENT_SYSTEM=0.014500
IDLE_CLIENT_USER=0.030166
IDLE_CLIENT_MEM=1651220024
IDLE_SERVER_SYSTEM=0.011499
IDLE_SERVER_USER=0.027999
IDLE_SERVER_MEM=1690416924
