STM_CLIENT_SYSTEM=0.135553
STM_CLIENT_USER=0.031269
STM_CLIENT_MEM=1648517952
STM_SERVER_SYSTEM=0.284076
STM_SERVER_USER=0.031113
STM_SERVER_MEM=1658438396
STM_BW=5299231175.0672417
STM_RTS=20451
