STM_CLIENT_SYSTEM=0.126064
STM_CLIENT_USER=0.024722
STM_CLIENT_MEM=1613385472
STM_SERVER_SYSTEM=0.293191
STM_SERVER_USER=0.036514
STM_SERVER_MEM=1648508604
STM_BW=5385529822.2940178
STM_RTS=22120
