STS_CLIENT_SYSTEM=0.080795
STS_CLIENT_USER=0.021305
STS_CLIENT_MEM=1632691264
STS_SERVER_SYSTEM=0.156956
STS_SERVER_USER=0.029091
STS_SERVER_MEM=1659598901
STS_BW=4964365471.28261
STS_RTS=18814
