STS_CLIENT_SYSTEM=0.085871
STS_CLIENT_USER=0.028842
STS_CLIENT_MEM=1654531200
STS_SERVER_SYSTEM=0.141790
STS_SERVER_USER=0.029495
STS_SERVER_MEM=1650670214
STS_BW=4218275747.06441
STS_RTS=63269
