SUM_CLIENT_SYSTEM=1.019415
SUM_CLIENT_USER=0.162366
SUM_CLIENT_MEM=1674303168
SUM_SERVER_SYSTEM=0.743646
SUM_SERVER_USER=0.075338
SUM_SERVER_MEM=1656266536
SUM_BW=4212314843.66209
SUM_JITTER=0.14189563286322648
SUM_LOST=75.310963069468031
