SUM_CLIENT_SYSTEM=0.978207
SUM_CLIENT_USER=0.153695
SUM_CLIENT_MEM=1659734272
SUM_SERVER_SYSTEM=0.739834
SUM_SERVER_USER=0.082550
SUM_SERVER_MEM=1699213312
SUM_BW=4472057175.8177423
SUM_JITTER=0.077624369488500364
SUM_LOST=73.6013063856453
