SUS_CLIENT_SYSTEM=0.166683
SUS_CLIENT_USER=0.039335
SUS_CLIENT_MEM=1615777856
SUS_SERVER_SYSTEM=0.577339
SUS_SERVER_USER=0.067516
SUS_SERVER_MEM=1678378091
SUS_BW=3395381891.1388669
SUS_JITTER=0.024957126051367431
SUS_LOST=0.043660350861642737
