SUS_CLIENT_SYSTEM=0.182253
SUS_CLIENT_USER=0.039663
SUS_CLIENT_MEM=1647743424
SUS_SERVER_SYSTEM=0.471887
SUS_SERVER_USER=0.057227
SUS_SERVER_MEM=1655653537
SUS_BW=3230002107.8129878
SUS_JITTER=0.0029818462959787339
SUS_LOST=0.053825309031515646
