DTM_CLIENT_SYSTEM=0.899713
DTM_CLIENT_USER=0.039787
DTM_CLIENT_MEM=1605574784
DTM_SERVER_SYSTEM=1.639932
DTM_SERVER_USER=0.058294
DTM_SERVER_MEM=1643415444
DTM_BW=39194254358.712723
DTM_RTS=46085
