DTM_CLIENT_SYSTEM=0.945972
DTM_CLIENT_USER=0.037492
DTM_CLIENT_MEM=1571277248
DTM_SERVER_SYSTEM=1.605105
DTM_SERVER_USER=0.054351
DTM_SERVER_MEM=1584732537
DTM_BW=39034449788.522186
DTM_RTS=43531
