DTS_CLIENT_SYSTEM=0.376969
DTS_CLIENT_USER=0.026880
DTS_CLIENT_MEM=1510126848
DTS_SERVER_SYSTEM=0.621390
DTS_SERVER_USER=0.028946
DTS_SERVER_MEM=1503358221
DTS_BW=24559155835.311806
DTS_RTS=24955
