DTS_CLIENT_SYSTEM=0.373496
DTS_CLIENT_USER=0.021961
DTS_CLIENT_MEM=1640228416
DTS_SERVER_SYSTEM=0.555811
DTS_SERVER_USER=0.032703
DTS_SERVER_MEM=1632969835
DTS_BW=20936334023.621441
DTS_RTS=15477
