DUM_CLIENT_SYSTEM=1.609642
DUM_CLIENT_USER=0.179104
DUM_CLIENT_MEM=1577862144
DUM_SERVER_SYSTEM=3.276203
DUM_SERVER_USER=0.272442
DUM_SERVER_MEM=1645427658
DUM_BW=30707333734.286709
DUM_JITTER=0.0082229253798309955
DUM_LOST=5.8836425131987236
