DUM_CLIENT_SYSTEM=1.650528
DUM_CLIENT_USER=0.177603
DUM_CLIENT_MEM=1495581568
DUM_SERVER_SYSTEM=3.453397
DUM_SERVER_USER=0.262264
DUM_SERVER_MEM=1591289317
DUM_BW=31513751075.138123
DUM_JITTER=0.0075008282581162326
DUM_LOST=8.01242551996681
