DUS_CLIENT_SYSTEM=0.269756
DUS_CLIENT_USER=0.039988
DUS_CLIENT_MEM=1567696896
DUS_SERVER_SYSTEM=0.797461
DUS_SERVER_USER=0.099869
DUS_SERVER_MEM=1620224538
DUS_BW=
DUS_JITTER=
DUS_LOST=
