DUS_CLIENT_SYSTEM=0.259281
DUS_CLIENT_USER=0.038351
DUS_CLIENT_MEM=1605257856
DUS_SERVER_SYSTEM=0.815391
DUS_SERVER_USER=0.106302
DUS_SERVER_MEM=1654679336
DUS_BW=7224632604.3114128
DUS_JITTER=0.012021325965115223
DUS_LOST=1.1612208335456871
