IDLE_CLIENT_SYSTEM=0.011166
IDLE_CLIENT_USER=0.021666
IDLE_CLIENT_MEM=1654880678
IDLE_SERVER_SYSTEM=0.015833
IDLE_SERVER_USER=0.029832
IDLE_SERVER_MEM=1704741676
