IDLE_CLIENT_SYSTEM=0.010499
IDLE_CLIENT_USER=0.024499
IDLE_CLIENT_MEM=1636631243
IDLE_SERVER_SYSTEM=0.011666
IDLE_SERVER_USER=0.022166
IDLE_SERVER_MEM=1662142821
