STM_CLIENT_SYSTEM=0.946183
STM_CLIENT_USER=0.039458
STM_CLIENT_MEM=1573515392
STM_SERVER_SYSTEM=1.494928
STM_SERVER_USER=0.049236
STM_SERVER_MEM=1586633404
STM_BW=39141131875.094337
STM_RTS=32380
