STM_CLIENT_SYSTEM=0.958550
STM_CLIENT_USER=0.038604
STM_CLIENT_MEM=1583778688
STM_SERVER_SYSTEM=1.633424
STM_SERVER_USER=0.055345
STM_SERVER_MEM=1624823808
STM_BW=39317485150.855682
STM_RTS=47161
