STS_CLIENT_SYSTEM=0.401324
STS_CLIENT_USER=0.022451
STS_CLIENT_MEM=1569897344
STS_SERVER_SYSTEM=0.524835
STS_SERVER_USER=0.027459
STS_SERVER_MEM=1579568666
STS_BW=22006460138.672356
STS_RTS=13629
