STS_CLIENT_SYSTEM=0.389406
STS_CLIENT_USER=0.026223
STS_CLIENT_MEM=1598817920
STS_SERVER_SYSTEM=0.609815
STS_SERVER_USER=0.030572
STS_SERVER_MEM=1608792064
STS_BW=22207971338.404911
STS_RTS=13885
