SUM_CLIENT_SYSTEM=1.517197
SUM_CLIENT_USER=0.176479
SUM_CLIENT_MEM=1605612800
SUM_SERVER_SYSTEM=3.188296
SUM_SERVER_USER=0.262581
SUM_SERVER_MEM=1649296168
SUM_BW=30625536013.682823
SUM_JITTER=0.0084243481627403
SUM_LOST=5.8300981858550047
