SUM_CLIENT_SYSTEM=1.599594
SUM_CLIENT_USER=0.181645
SUM_CLIENT_MEM=1537535104
SUM_SERVER_SYSTEM=3.375264
SUM_SERVER_USER=0.252935
SUM_SERVER_MEM=1630045830
SUM_BW=
SUM_JITTER=
SUM_LOST=
