SUS_CLIENT_SYSTEM=0.256843
SUS_CLIENT_USER=0.038354
SUS_CLIENT_MEM=1580923584
SUS_SERVER_SYSTEM=0.966738
SUS_SERVER_USER=0.111323
SUS_SERVER_MEM=1610559056
SUS_BW=7132786815.42499
SUS_JITTER=0.00700953072600841
SUS_LOST=1.3817127726949214
