SUS_CLIENT_SYSTEM=0.260587
SUS_CLIENT_USER=0.041137
SUS_CLIENT_MEM=1594201152
SUS_SERVER_SYSTEM=0.875771
SUS_SERVER_USER=0.106884
SUS_SERVER_MEM=1652749635
SUS_BW=7220225572.3781853
SUS_JITTER=0.00713795038343513
SUS_LOST=0.98328644082880723
