DTM_CLIENT_SYSTEM=1.152574
DTM_CLIENT_USER=0.033239
DTM_CLIENT_MEM=1295357376
DTM_SERVER_SYSTEM=1.735511
DTM_SERVER_USER=0.052243
DTM_SERVER_MEM=1243509921
DTM_BW=38938154621.207314
DTM_RTS=488119
