DTM_CLIENT_SYSTEM=1.205674
DTM_CLIENT_USER=0.034888
DTM_CLIENT_MEM=1291679360
DTM_SERVER_SYSTEM=1.811994
DTM_SERVER_USER=0.050743
DTM_SERVER_MEM=1275466590
DTM_BW=38723717528.230019
DTM_RTS=732479
