DTS_CLIENT_SYSTEM=0.440056
DTS_CLIENT_USER=0.017701
DTS_CLIENT_MEM=1287325248
DTS_SERVER_SYSTEM=0.593259
DTS_SERVER_USER=0.024093
DTS_SERVER_MEM=1257966106
DTS_BW=22335383711.9286
DTS_RTS=1598
