DTS_CLIENT_SYSTEM=0.438395
DTS_CLIENT_USER=0.022780
DTS_CLIENT_MEM=1296730496
DTS_SERVER_SYSTEM=0.569577
DTS_SERVER_USER=0.023276
DTS_SERVER_MEM=1265746782
DTS_BW=21447063716.152065
DTS_RTS=3643
