DUM_CLIENT_SYSTEM=4.718727
DUM_CLIENT_USER=0.363017
DUM_CLIENT_MEM=1483228608
DUM_SERVER_SYSTEM=3.778887
DUM_SERVER_USER=0.304027
DUM_SERVER_MEM=1248949894
DUM_BW=34095020129.1107
DUM_JITTER=0.023430389468097456
DUM_LOST=48.7900063457872
