DUM_CLIENT_SYSTEM=4.721735
DUM_CLIENT_USER=0.361900
DUM_CLIENT_MEM=1507660992
DUM_SERVER_SYSTEM=3.535896
DUM_SERVER_USER=0.272533
DUM_SERVER_MEM=1270330475
DUM_BW=34253012876.965317
DUM_JITTER=0.0236096433450277
DUM_LOST=49.260350827927134
