DUS_CLIENT_SYSTEM=0.492026
DUS_CLIENT_USER=0.039172
DUS_CLIENT_MEM=1265849984
DUS_SERVER_SYSTEM=0.833040
DUS_SERVER_USER=0.101372
DUS_SERVER_MEM=1267755546
DUS_BW=9065664753.04528
DUS_JITTER=0.0056473262585089471
DUS_LOST=4.75805389269966
