DUS_CLIENT_SYSTEM=0.465421
DUS_CLIENT_USER=0.040806
DUS_CLIENT_MEM=1254120576
DUS_SERVER_SYSTEM=1.313543
DUS_SERVER_USER=0.136929
DUS_SERVER_MEM=1262727653
DUS_BW=9393408625.066576
DUS_JITTER=0.0097265422529061365
DUS_LOST=16.218426132118648
