IDLE_CLIENT_SYSTEM=0.007166
IDLE_CLIENT_USER=0.018166
IDLE_CLIENT_MEM=1308550550
IDLE_SERVER_SYSTEM=0.011833
IDLE_SERVER_USER=0.023333
IDLE_SERVER_MEM=1336020016
