IDLE_CLIENT_SYSTEM=0.009500
IDLE_CLIENT_USER=0.016166
IDLE_CLIENT_MEM=1316560180
IDLE_SERVER_SYSTEM=0.007833
IDLE_SERVER_USER=0.018666
IDLE_SERVER_MEM=1307516797
