STM_CLIENT_SYSTEM=1.200046
STM_CLIENT_USER=0.036018
STM_CLIENT_MEM=1265684928
STM_SERVER_SYSTEM=1.729307
STM_SERVER_USER=0.051952
STM_SERVER_MEM=1256811681
STM_BW=38735552325.669472
STM_RTS=715996
