STM_CLIENT_SYSTEM=1.170056
STM_CLIENT_USER=0.033566
STM_CLIENT_MEM=1271293504
STM_SERVER_SYSTEM=1.799997
STM_SERVER_USER=0.051970
STM_SERVER_MEM=1272405045
STM_BW=38600043314.407379
STM_RTS=690892
