STS_CLIENT_SYSTEM=0.375432
STS_CLIENT_USER=0.020812
STS_CLIENT_MEM=1222875840
STS_SERVER_SYSTEM=0.550799
STS_SERVER_USER=0.025430
STS_SERVER_MEM=1225612449
STS_BW=21667841581.4831
STS_RTS=18648
