STS_CLIENT_SYSTEM=0.441658
STS_CLIENT_USER=0.019993
STS_CLIENT_MEM=1252447872
STS_SERVER_SYSTEM=0.645781
STS_SERVER_USER=0.024224
STS_SERVER_MEM=1248401946
STS_BW=22502488693.923447
STS_RTS=3055
