SUM_CLIENT_SYSTEM=4.206120
SUM_CLIENT_USER=0.329609
SUM_CLIENT_MEM=1495082048
SUM_SERVER_SYSTEM=3.441826
SUM_SERVER_USER=0.279060
SUM_SERVER_MEM=1269743616
SUM_BW=33959909037.336475
SUM_JITTER=0.00955187071859203
SUM_LOST=44.2796847595172
