SUM_CLIENT_SYSTEM=4.305703
SUM_CLIENT_USER=0.332443
SUM_CLIENT_MEM=1486461888
SUM_SERVER_SYSTEM=3.674239
SUM_SERVER_USER=0.307640
SUM_SERVER_MEM=1264865226
SUM_BW=32029548717.036793
SUM_JITTER=0.018453124569235955
SUM_LOST=49.634893943453363
