SUS_CLIENT_SYSTEM=0.487913
SUS_CLIENT_USER=0.035893
SUS_CLIENT_MEM=1265886400
SUS_SERVER_SYSTEM=1.043855
SUS_SERVER_USER=0.117352
SUS_SERVER_MEM=1307414474
SUS_BW=8956180674.72224
SUS_JITTER=0.00864434701352244
SUS_LOST=5.70830905487407
