SUS_CLIENT_SYSTEM=0.472663
SUS_CLIENT_USER=0.036548
SUS_CLIENT_MEM=1238852800
SUS_SERVER_SYSTEM=0.908033
SUS_SERVER_USER=0.118663
SUS_SERVER_MEM=1275417815
SUS_BW=8854011167.3214569
SUS_JITTER=0.0047436927594335168
SUS_LOST=4.6291431852541445
