DTM_CLIENT_SYSTEM=1.248567
DTM_CLIENT_USER=0.053873
DTM_CLIENT_MEM=1516248512
DTM_SERVER_SYSTEM=1.909168
DTM_SERVER_USER=0.066155
DTM_SERVER_MEM=1470917901
DTM_BW=39042637233.870377
DTM_RTS=446920
