DTM_CLIENT_SYSTEM=1.014823
DTM_CLIENT_USER=0.049955
DTM_CLIENT_MEM=1499090368
DTM_SERVER_SYSTEM=2.618922
DTM_SERVER_USER=0.046824
DTM_SERVER_MEM=1495112272
DTM_BW=34522901358.0559
DTM_RTS=1375250
