DTS_CLIENT_SYSTEM=0.300264
DTS_CLIENT_USER=0.039172
DTS_CLIENT_MEM=1474732416
DTS_SERVER_SYSTEM=0.461805
DTS_SERVER_USER=0.032889
DTS_SERVER_MEM=1450771186
DTS_BW=10168181235.638262
DTS_RTS=264099
