DTS_CLIENT_SYSTEM=0.441702
DTS_CLIENT_USER=0.042941
DTS_CLIENT_MEM=1491275456
DTS_SERVER_SYSTEM=0.510501
DTS_SERVER_USER=0.034665
DTS_SERVER_MEM=1443121259
DTS_BW=19607755277.469833
DTS_RTS=1311
