DUM_CLIENT_SYSTEM=4.176933
DUM_CLIENT_USER=0.352228
DUM_CLIENT_MEM=1702269376
DUM_SERVER_SYSTEM=3.573739
DUM_SERVER_USER=0.281721
DUM_SERVER_MEM=1480843587
DUM_BW=29760859356.005241
DUM_JITTER=0.0136075036903749
DUM_LOST=51.099991758009864
