DUM_CLIENT_SYSTEM=2.984972
DUM_CLIENT_USER=0.410856
DUM_CLIENT_MEM=1471382784
DUM_SERVER_SYSTEM=3.720225
DUM_SERVER_USER=0.445810
DUM_SERVER_MEM=1495351834
DUM_BW=9852263808.3458843
DUM_JITTER=0.00702141933181721
DUM_LOST=12.826022025471383
