DUS_CLIENT_SYSTEM=0.340244
DUS_CLIENT_USER=0.054905
DUS_CLIENT_MEM=1468052288
DUS_SERVER_SYSTEM=0.803260
DUS_SERVER_USER=0.125484
DUS_SERVER_MEM=1485851540
DUS_BW=1574759255.3844385
DUS_JITTER=0.00484916145115087
DUS_LOST=3.5679928262553937
