DUS_CLIENT_SYSTEM=0.452847
DUS_CLIENT_USER=0.057364
DUS_CLIENT_MEM=1496372608
DUS_SERVER_SYSTEM=0.907775
DUS_SERVER_USER=0.121758
DUS_SERVER_MEM=1462135592
DUS_BW=7908877107.290307
DUS_JITTER=0.004869457862098716
DUS_LOST=6.6117184430044684
