IDLE_CLIENT_SYSTEM=0.023499
IDLE_CLIENT_USER=0.044165
IDLE_CLIENT_MEM=1440103732
IDLE_SERVER_SYSTEM=0.016166
IDLE_SERVER_USER=0.037665
IDLE_SERVER_MEM=1439150535
