IDLE_CLIENT_SYSTEM=0.028666
IDLE_CLIENT_USER=0.044332
IDLE_CLIENT_MEM=1469238710
IDLE_SERVER_SYSTEM=0.018499
IDLE_SERVER_USER=0.044332
IDLE_SERVER_MEM=1444285878
