STM_CLIENT_SYSTEM=1.036555
STM_CLIENT_USER=0.051427
STM_CLIENT_MEM=1483103360
STM_SERVER_SYSTEM=1.762071
STM_SERVER_USER=0.068610
STM_SERVER_MEM=1449944818
STM_BW=38041913959.352547
STM_RTS=224586
