STM_CLIENT_SYSTEM=1.010625
STM_CLIENT_USER=0.048624
STM_CLIENT_MEM=1474980864
STM_SERVER_SYSTEM=2.151868
STM_SERVER_USER=0.052788
STM_SERVER_MEM=1484192606
STM_BW=34352535607.460747
STM_RTS=1385121
