STS_CLIENT_SYSTEM=0.295631
STS_CLIENT_USER=0.032775
STS_CLIENT_MEM=1481327872
STS_SERVER_SYSTEM=0.420490
STS_SERVER_USER=0.036676
STS_SERVER_MEM=1456578236
STS_BW=10212228926.449423
STS_RTS=167536
