STS_CLIENT_SYSTEM=0.382788
STS_CLIENT_USER=0.039491
STS_CLIENT_MEM=1468791744
STS_SERVER_SYSTEM=0.570876
STS_SERVER_USER=0.034369
STS_SERVER_MEM=1449543194
STS_BW=20908023805.54911
STS_RTS=9164
