SUM_CLIENT_SYSTEM=4.173507
SUM_CLIENT_USER=0.343573
SUM_CLIENT_MEM=1701910464
SUM_SERVER_SYSTEM=3.310102
SUM_SERVER_USER=0.284052
SUM_SERVER_MEM=1448230319
SUM_BW=33668374440.885689
SUM_JITTER=0.046361119112929561
SUM_LOST=43.428834863391245
