SUM_CLIENT_SYSTEM=2.926566
SUM_CLIENT_USER=0.414032
SUM_CLIENT_MEM=1482069056
SUM_SERVER_SYSTEM=
SUM_SERVER_USER=
SUM_SERVER_MEM=
SUM_BW=9942563535.44311
SUM_JITTER=0.0076459276068340572
SUM_LOST=10.771802983208422
