SUS_CLIENT_SYSTEM=0.432182
SUS_CLIENT_USER=0.058673
SUS_CLIENT_MEM=1486983680
SUS_SERVER_SYSTEM=1.012278
SUS_SERVER_USER=0.122643
SUS_SERVER_MEM=1470679255
SUS_BW=8007050719.05577
SUS_JITTER=0.0035071928790091733
SUS_LOST=6.2134767741708661
