SUS_CLIENT_SYSTEM=0.325139
SUS_CLIENT_USER=0.059980
SUS_CLIENT_MEM=1461134144
SUS_SERVER_SYSTEM=0.848394
SUS_SERVER_USER=0.119942
SUS_SERVER_MEM=1494128586
SUS_BW=1524793405.778044
SUS_JITTER=0.0047696713414706379
SUS_LOST=4.06977228268371
