DTM_CLIENT_SYSTEM=1.034082
DTM_CLIENT_USER=0.053882
DTM_CLIENT_MEM=1595110656
DTM_SERVER_SYSTEM=2.011008
DTM_SERVER_USER=0.083984
DTM_SERVER_MEM=1683609007
DTM_BW=39411498543.8227
DTM_RTS=47370
