DTS_CLIENT_SYSTEM=0.422704
DTS_CLIENT_USER=0.035731
DTS_CLIENT_MEM=1585724864
DTS_SERVER_SYSTEM=0.643350
DTS_SERVER_USER=0.045731
DTS_SERVER_MEM=1665188055
DTS_BW=25384072489.704018
DTS_RTS=18303
