DUM_CLIENT_SYSTEM=2.294319
DUM_CLIENT_USER=0.198266
DUM_CLIENT_MEM=1555128000
DUM_SERVER_SYSTEM=3.701123
DUM_SERVER_USER=0.307807
DUM_SERVER_MEM=1687403843
DUM_BW=32394747229.684856
DUM_JITTER=0.0072989986063754066
DUM_LOST=1.7133650581029227
