DUS_CLIENT_SYSTEM=0.325187
DUS_CLIENT_USER=0.052286
DUS_CLIENT_MEM=1597747200
DUS_SERVER_SYSTEM=0.757740
DUS_SERVER_USER=0.114473
DUS_SERVER_MEM=1678293854
DUS_BW=7281743431.6525459
DUS_JITTER=0.010611221723268192
DUS_LOST=0.48825126148599984
