IDLE_CLIENT_SYSTEM=0.018166
IDLE_CLIENT_USER=0.038832
IDLE_CLIENT_MEM=1555508402
IDLE_SERVER_SYSTEM=0.025999
IDLE_SERVER_USER=0.053832
IDLE_SERVER_MEM=1670168901
