STM_CLIENT_SYSTEM=0.926305
STM_CLIENT_USER=0.051270
STM_CLIENT_MEM=1568224768
STM_SERVER_SYSTEM=2.198019
STM_SERVER_USER=0.103907
STM_SERVER_MEM=1695032805
STM_BW=39534529440.944183
STM_RTS=49803
