STS_CLIENT_SYSTEM=0.454426
STS_CLIENT_USER=0.033267
STS_CLIENT_MEM=1598011648
STS_SERVER_SYSTEM=0.731420
STS_SERVER_USER=0.044944
STS_SERVER_MEM=1674433482
STS_BW=27279653975.77177
STS_RTS=11368
