SUM_CLIENT_SYSTEM=2.330466
SUM_CLIENT_USER=0.197264
SUM_CLIENT_MEM=1566700864
SUM_SERVER_SYSTEM=3.800779
SUM_SERVER_USER=0.321254
SUM_SERVER_MEM=1722708291
SUM_BW=32923828579.463539
SUM_JITTER=0.013744971927995555
SUM_LOST=0.63800068128451848
