SUS_CLIENT_SYSTEM=0.372556
SUS_CLIENT_USER=0.050155
SUS_CLIENT_MEM=1572286400
SUS_SERVER_SYSTEM=0.846944
SUS_SERVER_USER=0.113124
SUS_SERVER_MEM=1696030181
SUS_BW=7256644331.6053267
SUS_JITTER=0.0072577275724222123
SUS_LOST=0.45481834525671189
