DTM_CLIENT_SYSTEM=2.794970
DTM_CLIENT_USER=0.043226
DTM_CLIENT_MEM=1509371456
DTM_SERVER_SYSTEM=3.366436
DTM_SERVER_USER=0.047759
DTM_SERVER_MEM=1463634620
DTM_BW=8010703513.46842
DTM_RTS=45517
