DTM_CLIENT_SYSTEM=1.134216
DTM_CLIENT_USER=0.060583
DTM_CLIENT_MEM=1573335808
DTM_SERVER_SYSTEM=1.848464
DTM_SERVER_USER=0.065891
DTM_SERVER_MEM=1471499802
DTM_BW=38702857696.064079
DTM_RTS=292579
