DTS_CLIENT_SYSTEM=0.369071
DTS_CLIENT_USER=0.048838
DTS_CLIENT_MEM=1554364224
DTS_SERVER_SYSTEM=0.556459
DTS_SERVER_USER=0.036844
DTS_SERVER_MEM=1431814629
DTS_BW=20363103766.693642
DTS_RTS=18433
