DTS_CLIENT_SYSTEM=2.791990
DTS_CLIENT_USER=0.040642
DTS_CLIENT_MEM=1522013056
DTS_SERVER_SYSTEM=2.706061
DTS_SERVER_USER=0.035595
DTS_SERVER_MEM=1463531304
DTS_BW=8057162275.50455
DTS_RTS=6512
