DUM_CLIENT_SYSTEM=5.722734
DUM_CLIENT_USER=0.245880
DUM_CLIENT_MEM=1531416448
DUM_SERVER_SYSTEM=4.146077
DUM_SERVER_USER=0.155197
DUM_SERVER_MEM=1480788399
DUM_BW=9264819259.78278
DUM_JITTER=0.094099075838857571
DUM_LOST=76.4355615893043
