DUM_CLIENT_SYSTEM=4.293438
DUM_CLIENT_USER=0.349635
DUM_CLIENT_MEM=1768586944
DUM_SERVER_SYSTEM=3.729701
DUM_SERVER_USER=0.296092
DUM_SERVER_MEM=1471889408
DUM_BW=31922344868.33379
DUM_JITTER=0.0099438479111887
DUM_LOST=47.136305944644938
