DUS_CLIENT_SYSTEM=2.151895
DUS_CLIENT_USER=0.047856
DUS_CLIENT_MEM=1469482112
DUS_SERVER_SYSTEM=1.971351
DUS_SERVER_USER=0.095768
DUS_SERVER_MEM=1454748941
DUS_BW=3312974519.6230583
DUS_JITTER=0.00870019059463261
DUS_LOST=32.4263961550324
