DUS_CLIENT_SYSTEM=0.437747
DUS_CLIENT_USER=0.066047
DUS_CLIENT_MEM=1563976512
DUS_SERVER_SYSTEM=1.042980
DUS_SERVER_USER=0.126533
DUS_SERVER_MEM=1464956766
DUS_BW=6878419366.12684
DUS_JITTER=0.004212724124107013
DUS_LOST=19.759485817308256
