IDLE_CLIENT_SYSTEM=0.022333
IDLE_CLIENT_USER=0.048165
IDLE_CLIENT_MEM=1518959534
IDLE_SERVER_SYSTEM=0.014833
IDLE_SERVER_USER=0.030665
IDLE_SERVER_MEM=1429419414
