IDLE_CLIENT_SYSTEM=0.019833
IDLE_CLIENT_USER=0.043165
IDLE_CLIENT_MEM=1469566260
IDLE_SERVER_SYSTEM=0.017666
IDLE_SERVER_USER=0.038999
IDLE_SERVER_MEM=1448051143
