STM_CLIENT_SYSTEM=2.794356
STM_CLIENT_USER=0.044687
STM_CLIENT_MEM=1470367616
STM_SERVER_SYSTEM=3.354755
STM_SERVER_USER=0.052494
STM_SERVER_MEM=1459192239
STM_BW=7982589939.2313633
STM_RTS=44742
