STM_CLIENT_SYSTEM=1.227588
STM_CLIENT_USER=0.056492
STM_CLIENT_MEM=1599498304
STM_SERVER_SYSTEM=1.892290
STM_SERVER_USER=0.061958
STM_SERVER_MEM=1455892533
STM_BW=38802480222.4218
STM_RTS=405821
