STS_CLIENT_SYSTEM=2.710737
STS_CLIENT_USER=0.039165
STS_CLIENT_MEM=1488624512
STS_SERVER_SYSTEM=2.414559
STS_SERVER_USER=0.037222
STS_SERVER_MEM=1454418997
STS_BW=7749649107.7759228
STS_RTS=7483
