STS_CLIENT_SYSTEM=0.429730
STS_CLIENT_USER=0.048349
STS_CLIENT_MEM=1557636992
STS_SERVER_SYSTEM=0.575845
STS_SERVER_USER=0.035466
STS_SERVER_MEM=1461662181
STS_BW=20553803075.4752
STS_RTS=1235
