SUM_CLIENT_SYSTEM=4.219561
SUM_CLIENT_USER=0.345624
SUM_CLIENT_MEM=1786191680
SUM_SERVER_SYSTEM=3.933590
SUM_SERVER_USER=0.293501
SUM_SERVER_MEM=1478782706
SUM_BW=31585595250.700607
SUM_JITTER=1.5165707455848569
SUM_LOST=47.849687479841812
