SUM_CLIENT_SYSTEM=5.639413
SUM_CLIENT_USER=0.238797
SUM_CLIENT_MEM=1533471040
SUM_SERVER_SYSTEM=3.739275
SUM_SERVER_USER=0.136412
SUM_SERVER_MEM=1482767629
SUM_BW=8860635033.4414654
SUM_JITTER=0.074126837683105226
SUM_LOST=77.476862980877925
