SUS_CLIENT_SYSTEM=2.110714
SUS_CLIENT_USER=0.043755
SUS_CLIENT_MEM=1462163904
SUS_SERVER_SYSTEM=1.952206
SUS_SERVER_USER=0.086061
SUS_SERVER_MEM=1456031366
SUS_BW=3308818338.081377
SUS_JITTER=0.043521468963527418
SUS_LOST=30.281511127802425
