SUS_CLIENT_SYSTEM=0.443803
SUS_CLIENT_USER=0.060802
SUS_CLIENT_MEM=1569581312
SUS_SERVER_SYSTEM=1.011326
SUS_SERVER_USER=0.126923
SUS_SERVER_MEM=1480353899
SUS_BW=7943717310.0232067
SUS_JITTER=0.0074352583675138927
SUS_LOST=8.84122192236928
