DTM_CLIENT_SYSTEM=0.128573
DTM_CLIENT_USER=0.026533
DTM_CLIENT_MEM=1577050624
DTM_SERVER_SYSTEM=0.272329
DTM_SERVER_USER=0.034092
DTM_SERVER_MEM=1633807198
DTM_BW=5217073699.76372
DTM_RTS=23041
