DTM_CLIENT_SYSTEM=0.136365
DTM_CLIENT_USER=0.030776
DTM_CLIENT_MEM=1591443520
DTM_SERVER_SYSTEM=0.291739
DTM_SERVER_USER=0.038682
DTM_SERVER_MEM=1665100746
DTM_BW=5252557119.6887617
DTM_RTS=21193
