DTS_CLIENT_SYSTEM=0.112262
DTS_CLIENT_USER=0.025730
DTS_CLIENT_MEM=1595521280
DTS_SERVER_SYSTEM=0.118756
DTS_SERVER_USER=0.030839
DTS_SERVER_MEM=1653334716
DTS_BW=5838128254.2012577
DTS_RTS=3973
