DTS_CLIENT_SYSTEM=0.091451
DTS_CLIENT_USER=0.027370
DTS_CLIENT_MEM=1610470144
DTS_SERVER_SYSTEM=0.162617
DTS_SERVER_USER=0.036934
DTS_SERVER_MEM=1658900641
DTS_BW=4565544624.7372723
DTS_RTS=47320
