DUM_CLIENT_SYSTEM=1.034675
DUM_CLIENT_USER=0.159370
DUM_CLIENT_MEM=1635794560
DUM_SERVER_SYSTEM=0.765816
DUM_SERVER_USER=0.080249
DUM_SERVER_MEM=1679954405
DUM_BW=4331127671.8347025
DUM_JITTER=0.14765451166153282
DUM_LOST=74.73548677186804
