DUM_CLIENT_SYSTEM=1.018978
DUM_CLIENT_USER=0.158588
DUM_CLIENT_MEM=1634463040
DUM_SERVER_SYSTEM=0.833412
DUM_SERVER_USER=0.086304
DUM_SERVER_MEM=1637231885
DUM_BW=4241006103.7761531
DUM_JITTER=0.13722971839932349
DUM_LOST=75.180124578217942
