DUS_CLIENT_SYSTEM=0.168150
DUS_CLIENT_USER=0.034581
DUS_CLIENT_MEM=1588923072
DUS_SERVER_SYSTEM=0.491688
DUS_SERVER_USER=0.058976
DUS_SERVER_MEM=1643235112
DUS_BW=3352124840.667985
DUS_JITTER=0.001325175700706304
DUS_LOST=0.013822054034408495
