DUS_CLIENT_SYSTEM=0.169958
DUS_CLIENT_USER=0.039662
DUS_CLIENT_MEM=1609076992
DUS_SERVER_SYSTEM=0.511391
DUS_SERVER_USER=0.063045
DUS_SERVER_MEM=1666701850
DUS_BW=3335460050.9628143
DUS_JITTER=0.0029697046735223543
DUS_LOST=0.081704383744949843
