IDLE_CLIENT_SYSTEM=0.015999
IDLE_CLIENT_USER=0.027666
IDLE_CLIENT_MEM=1645692375
IDLE_SERVER_SYSTEM=0.013833
IDLE_SERVER_USER=0.024833
IDLE_SERVER_MEM=1692883756
