IDLE_CLIENT_SYSTEM=0.010333
IDLE_CLIENT_USER=0.027999
IDLE_CLIENT_MEM=1622160530
IDLE_SERVER_SYSTEM=0.009500
IDLE_SERVER_USER=0.029832
IDLE_SERVER_MEM=1674654671
