STM_CLIENT_SYSTEM=0.133613
STM_CLIENT_USER=0.026690
STM_CLIENT_MEM=1612636032
STM_SERVER_SYSTEM=0.276057
STM_SERVER_USER=0.036249
STM_SERVER_MEM=1647946698
STM_BW=5400587701.54967
STM_RTS=23728
