STM_CLIENT_SYSTEM=0.129372
STM_CLIENT_USER=0.021944
STM_CLIENT_MEM=1574081472
STM_SERVER_SYSTEM=0.270764
STM_SERVER_USER=0.029769
STM_SERVER_MEM=1652038871
STM_BW=5242081572.4251642
STM_RTS=22809
