STS_CLIENT_SYSTEM=0.089634
STS_CLIENT_USER=0.024580
STS_CLIENT_MEM=1602970304
STS_SERVER_SYSTEM=0.158928
STS_SERVER_USER=0.026916
STS_SERVER_MEM=1645343258
STS_BW=4925180688.32946
STS_RTS=23544
