STS_CLIENT_SYSTEM=0.106362
STS_CLIENT_USER=0.031958
STS_CLIENT_MEM=1625024768
STS_SERVER_SYSTEM=0.162265
STS_SERVER_USER=0.029478
STS_SERVER_MEM=1678699681
STS_BW=5048544822.9540863
STS_RTS=16229
