SUM_CLIENT_SYSTEM=1.037195
SUM_CLIENT_USER=0.156644
SUM_CLIENT_MEM=1658592896
SUM_SERVER_SYSTEM=0.756001
SUM_SERVER_USER=0.079430
SUM_SERVER_MEM=1711266330
SUM_BW=4296032402.4637823
SUM_JITTER=0.13344668659811579
SUM_LOST=74.737840713332545
