SUM_CLIENT_SYSTEM=1.036782
SUM_CLIENT_USER=0.157614
SUM_CLIENT_MEM=1635685376
SUM_SERVER_SYSTEM=0.739839
SUM_SERVER_USER=0.073470
SUM_SERVER_MEM=1633549312
SUM_BW=4431980600.7972
SUM_JITTER=0.12795969439264909
SUM_LOST=74.029183386739
