SUS_CLIENT_SYSTEM=0.161758
SUS_CLIENT_USER=0.036056
SUS_CLIENT_MEM=1570144640
SUS_SERVER_SYSTEM=0.276361
SUS_SERVER_USER=0.039094
SUS_SERVER_MEM=1647978819
SUS_BW=3302810850.7581444
SUS_JITTER=0.0011793879055758724
SUS_LOST=0.094309853583151873
