SUS_CLIENT_SYSTEM=0.164389
SUS_CLIENT_USER=0.042777
SUS_CLIENT_MEM=1625988096
SUS_SERVER_SYSTEM=0.717320
SUS_SERVER_USER=0.088464
SUS_SERVER_MEM=1673874917
SUS_BW=3542577528.9859257
SUS_JITTER=0.0161515816708211
SUS_LOST=0.13500623475502105
