DTM_CLIENT_SYSTEM=0.958691
DTM_CLIENT_USER=0.040785
DTM_CLIENT_MEM=1975854656
DTM_SERVER_SYSTEM=1.599865
DTM_SERVER_USER=0.052080
DTM_SERVER_MEM=1935674529
DTM_BW=38829176049.7113
DTM_RTS=235813
