DTS_CLIENT_SYSTEM=0.331520
DTS_CLIENT_USER=0.027203
DTS_CLIENT_MEM=1994815424
DTS_SERVER_SYSTEM=0.360950
DTS_SERVER_USER=0.025434
DTS_SERVER_MEM=1957819984
DTS_BW=12052507107.105162
DTS_RTS=154592
