DUM_CLIENT_SYSTEM=1.511011
DUM_CLIENT_USER=0.185313
DUM_CLIENT_MEM=1931468864
DUM_SERVER_SYSTEM=3.232771
DUM_SERVER_USER=0.230661
DUM_SERVER_MEM=1966830106
DUM_BW=29903923851.9111
DUM_JITTER=0.00742659216341987
DUM_LOST=6.3392531474094351
