DUS_CLIENT_SYSTEM=0.281907
DUS_CLIENT_USER=0.039664
DUS_CLIENT_MEM=1954888832
DUS_SERVER_SYSTEM=0.823276
DUS_SERVER_USER=0.098766
DUS_SERVER_MEM=1956828375
DUS_BW=6543490364.7636442
DUS_JITTER=0.005219820685901746
DUS_LOST=0.4490311392391812
