IDLE_CLIENT_SYSTEM=0.014666
IDLE_CLIENT_USER=0.025666
IDLE_CLIENT_MEM=2009291564
IDLE_SERVER_SYSTEM=0.014166
IDLE_SERVER_USER=0.024165
IDLE_SERVER_MEM=1983788763
