STM_CLIENT_SYSTEM=0.902437
STM_CLIENT_USER=0.040610
STM_CLIENT_MEM=1969822400
STM_SERVER_SYSTEM=1.558747
STM_SERVER_USER=0.052472
STM_SERVER_MEM=1928632320
STM_BW=37726142919.752357
STM_RTS=161265
