STS_CLIENT_SYSTEM=0.324161
STS_CLIENT_USER=0.027532
STS_CLIENT_MEM=1949938368
STS_SERVER_SYSTEM=0.365408
STS_SERVER_USER=0.024767
STS_SERVER_MEM=1935981406
STS_BW=11529906678.068878
STS_RTS=178797
