SUM_CLIENT_SYSTEM=1.521162
SUM_CLIENT_USER=0.189183
SUM_CLIENT_MEM=1955134400
SUM_SERVER_SYSTEM=3.366220
SUM_SERVER_USER=0.248071
SUM_SERVER_MEM=1979468692
SUM_BW=29437771617.209064
SUM_JITTER=0.009302373723317903
SUM_LOST=8.73067998464103
