SUS_CLIENT_SYSTEM=0.271736
SUS_CLIENT_USER=0.037040
SUS_CLIENT_MEM=1960756864
SUS_SERVER_SYSTEM=0.987277
SUS_SERVER_USER=0.114655
SUS_SERVER_MEM=1945852119
SUS_BW=7140205301.5224
SUS_JITTER=0.0082455264853821767
SUS_LOST=1.187724775296533
