DTM_CLIENT_SYSTEM=1.150011
DTM_CLIENT_USER=0.472908
DTM_CLIENT_MEM=2465442432
DTM_SERVER_SYSTEM=1.284088
DTM_SERVER_USER=0.551909
DTM_SERVER_MEM=2483158339
DTM_BW=9824934149.55371
DTM_RTS=1725
