DTS_CLIENT_SYSTEM=0.990331
DTS_CLIENT_USER=0.453407
DTS_CLIENT_MEM=2443737245
DTS_SERVER_SYSTEM=1.005647
DTS_SERVER_USER=0.456032
DTS_SERVER_MEM=2445978690
DTS_BW=8771082264.84256
DTS_RTS=1940
