DUM_CLIENT_SYSTEM=5.445740
DUM_CLIENT_USER=0.728009
DUM_CLIENT_MEM=2436311386
DUM_SERVER_SYSTEM=2.407954
DUM_SERVER_USER=0.614709
DUM_SERVER_MEM=2498513028
DUM_BW=6467315429.8400745
DUM_JITTER=11.418436479647012
DUM_LOST=81.4676224562617
