DUS_CLIENT_SYSTEM=2.151799
DUS_CLIENT_USER=0.592390
DUS_CLIENT_MEM=2443661984
DUS_SERVER_SYSTEM=1.712447
DUS_SERVER_USER=0.563926
DUS_SERVER_MEM=2500496319
DUS_BW=6258396019.3342552
DUS_JITTER=2.4608933946126612
DUS_LOST=73.0699769266622
