IDLE_CLIENT_SYSTEM=0.048498
IDLE_CLIENT_USER=0.102828
IDLE_CLIENT_MEM=2435503120
IDLE_SERVER_SYSTEM=0.061830
IDLE_SERVER_USER=0.103828
IDLE_SERVER_MEM=2433855162
