STM_CLIENT_SYSTEM=1.244555
STM_CLIENT_USER=0.503554
STM_CLIENT_MEM=2447889472
STM_SERVER_SYSTEM=1.335274
STM_SERVER_USER=0.539768
STM_SERVER_MEM=2483208245
STM_BW=10537183947.013126
STM_RTS=1000
