STS_CLIENT_SYSTEM=1.281429
STS_CLIENT_USER=0.528769
STS_CLIENT_MEM=2455103680
STS_SERVER_SYSTEM=1.135297
STS_SERVER_USER=0.522058
STS_SERVER_MEM=2483601246
STS_BW=10951029793.294451
STS_RTS=899
