SUM_CLIENT_SYSTEM=5.409904
SUM_CLIENT_USER=0.728082
SUM_CLIENT_MEM=2441468124
SUM_SERVER_SYSTEM=2.216634
SUM_SERVER_USER=0.620956
SUM_SERVER_MEM=2506655345
SUM_BW=6109204342.3732958
SUM_JITTER=19.4322651619707
SUM_LOST=83.955812483371133
