SUS_CLIENT_SYSTEM=2.270238
SUS_CLIENT_USER=0.569886
SUS_CLIENT_MEM=2448053752
SUS_SERVER_SYSTEM=1.735954
SUS_SERVER_USER=0.576658
SUS_SERVER_MEM=2495177066
SUS_BW=7194961546.0863943
SUS_JITTER=5.1034435633210116
SUS_LOST=66.437603332018256
