DTM_CLIENT_SYSTEM=0.901395
DTM_CLIENT_USER=0.072701
DTM_CLIENT_MEM=1391629952
DTM_SERVER_SYSTEM=1.877327
DTM_SERVER_USER=0.136484
DTM_SERVER_MEM=1426194485
DTM_BW=38734444711.234512
DTM_RTS=97844
