DTM_CLIENT_SYSTEM=1.040473
DTM_CLIENT_USER=0.077278
DTM_CLIENT_MEM=1369965376
DTM_SERVER_SYSTEM=1.911715
DTM_SERVER_USER=0.130046
DTM_SERVER_MEM=1377651496
DTM_BW=38935411949.3585
DTM_RTS=61445
