DTS_CLIENT_SYSTEM=0.240745
DTS_CLIENT_USER=0.065717
DTS_CLIENT_MEM=1387591680
DTS_SERVER_SYSTEM=0.323236
DTS_SERVER_USER=0.092044
DTS_SERVER_MEM=1403363705
DTS_BW=11246877389.863577
DTS_RTS=11931
