DTS_CLIENT_SYSTEM=0.438053
DTS_CLIENT_USER=0.062602
DTS_CLIENT_MEM=1382884416
DTS_SERVER_SYSTEM=0.533335
DTS_SERVER_USER=0.091800
DTS_SERVER_MEM=1379350096
DTS_BW=19137851701.173439
DTS_RTS=4244
