DUM_CLIENT_SYSTEM=2.607862
DUM_CLIENT_USER=0.222932
DUM_CLIENT_MEM=1315236480
DUM_SERVER_SYSTEM=3.319356
DUM_SERVER_USER=0.307318
DUM_SERVER_MEM=1370029487
DUM_BW=32931056999.172047
DUM_JITTER=0.013480375332373316
DUM_LOST=1.3522155425291449
