DUM_CLIENT_SYSTEM=2.384003
DUM_CLIENT_USER=0.219543
DUM_CLIENT_MEM=1350885504
DUM_SERVER_SYSTEM=3.447917
DUM_SERVER_USER=0.325344
DUM_SERVER_MEM=1437092594
DUM_BW=30968403146.157089
DUM_JITTER=0.08139300624552917
DUM_LOST=4.1565145756377273
