DUS_CLIENT_SYSTEM=0.281893
DUS_CLIENT_USER=0.083912
DUS_CLIENT_MEM=1381260224
DUS_SERVER_SYSTEM=1.025464
DUS_SERVER_USER=0.180048
DUS_SERVER_MEM=1418524672
DUS_BW=7217189709.642396
DUS_JITTER=0.00638556365542579
DUS_LOST=0.80006810194212141
