DUS_CLIENT_SYSTEM=0.289114
DUS_CLIENT_USER=0.079490
DUS_CLIENT_MEM=1346520640
DUS_SERVER_SYSTEM=0.878016
DUS_SERVER_USER=0.167796
DUS_SERVER_MEM=1365444823
DUS_BW=7231540677.7183981
DUS_JITTER=0.0099408359097765461
DUS_LOST=0.59817259633954956
