IDLE_CLIENT_SYSTEM=0.054000
IDLE_CLIENT_USER=0.062833
IDLE_CLIENT_MEM=1420123895
IDLE_SERVER_SYSTEM=0.050165
IDLE_SERVER_USER=0.092497
IDLE_SERVER_MEM=1355935093
