IDLE_CLIENT_SYSTEM=0.041499
IDLE_CLIENT_USER=0.063665
IDLE_CLIENT_MEM=1383514112
IDLE_SERVER_SYSTEM=0.054832
IDLE_SERVER_USER=0.083497
IDLE_SERVER_MEM=1318201051
