STM_CLIENT_SYSTEM=0.839776
STM_CLIENT_USER=0.078785
STM_CLIENT_MEM=1398294784
STM_SERVER_SYSTEM=1.799210
STM_SERVER_USER=0.134663
STM_SERVER_MEM=1408480094
STM_BW=39007476065.252922
STM_RTS=54772
