STM_CLIENT_SYSTEM=1.011267
STM_CLIENT_USER=0.073041
STM_CLIENT_MEM=1364103168
STM_SERVER_SYSTEM=1.825713
STM_SERVER_USER=0.123988
STM_SERVER_MEM=1392744286
STM_BW=39166818691.010612
STM_RTS=58663
