STS_CLIENT_SYSTEM=0.389336
STS_CLIENT_USER=0.060301
STS_CLIENT_MEM=1336666112
STS_SERVER_SYSTEM=0.475063
STS_SERVER_USER=0.100505
STS_SERVER_MEM=1371371843
STS_BW=18866878876.449856
STS_RTS=16883
