STS_CLIENT_SYSTEM=0.245829
STS_CLIENT_USER=0.069160
STS_CLIENT_MEM=1381490752
STS_SERVER_SYSTEM=0.350294
STS_SERVER_USER=0.096422
STS_SERVER_MEM=1425277035
STS_BW=10610177102.274639
STS_RTS=4277
