SUM_CLIENT_SYSTEM=2.376458
SUM_CLIENT_USER=0.248230
SUM_CLIENT_MEM=1366489792
SUM_SERVER_SYSTEM=4.246789
SUM_SERVER_USER=0.335619
SUM_SERVER_MEM=1436019927
SUM_BW=31741799750.9187
SUM_JITTER=0.01529333323809073
SUM_LOST=19.32221132695916
