SUM_CLIENT_SYSTEM=2.453755
SUM_CLIENT_USER=0.237413
SUM_CLIENT_MEM=1344632512
SUM_SERVER_SYSTEM=3.672158
SUM_SERVER_USER=0.335849
SUM_SERVER_MEM=1382301210
SUM_BW=36181436221.996674
SUM_JITTER=0.010290115462232905
SUM_LOST=7.9532329569988631
