SUS_CLIENT_SYSTEM=0.389040
SUS_CLIENT_USER=0.076694
SUS_CLIENT_MEM=1392763072
SUS_SERVER_SYSTEM=0.856961
SUS_SERVER_USER=0.163160
SUS_SERVER_MEM=1415500103
SUS_BW=6973910359.3979568
SUS_JITTER=0.0079374758362827
SUS_LOST=0.5717000887236825
