SUS_CLIENT_SYSTEM=0.346602
SUS_CLIENT_USER=0.072926
SUS_CLIENT_MEM=1374628288
SUS_SERVER_SYSTEM=0.931582
SUS_SERVER_USER=0.161914
SUS_SERVER_MEM=1394216636
SUS_BW=7170334979.0111942
SUS_JITTER=0.0062698037700631573
SUS_LOST=0.69190080494923034
