DTM_CLIENT_SYSTEM=0.831885
DTM_CLIENT_USER=0.343216
DTM_CLIENT_MEM=2438793613
DTM_SERVER_SYSTEM=0.789645
DTM_SERVER_USER=0.281635
DTM_SERVER_MEM=2359897075
DTM_BW=6310868998.9355831
DTM_RTS=2419
