DTS_CLIENT_SYSTEM=0.863635
DTS_CLIENT_USER=0.351367
DTS_CLIENT_MEM=2438452672
DTS_SERVER_SYSTEM=0.856721
DTS_SERVER_USER=0.285258
DTS_SERVER_MEM=2364475607
DTS_BW=6866897952.2289562
DTS_RTS=1536
