DUM_CLIENT_SYSTEM=5.677559
DUM_CLIENT_USER=0.628283
DUM_CLIENT_MEM=2419985811
DUM_SERVER_SYSTEM=2.262272
DUM_SERVER_USER=0.578742
DUM_SERVER_MEM=2372187267
DUM_BW=6308343762.8362122
DUM_JITTER=9.2630848701021762
DUM_LOST=81.040087876687934
