DUS_CLIENT_SYSTEM=2.222031
DUS_CLIENT_USER=0.546945
DUS_CLIENT_MEM=2430924427
DUS_SERVER_SYSTEM=1.829904
DUS_SERVER_USER=0.543057
DUS_SERVER_MEM=2352896997
DUS_BW=6243841231.0593081
DUS_JITTER=0.69018500355242
DUS_LOST=69.441041294579449
