IDLE_CLIENT_SYSTEM=0.056331
IDLE_CLIENT_USER=0.110663
IDLE_CLIENT_MEM=2427928510
IDLE_SERVER_SYSTEM=0.047998
IDLE_SERVER_USER=0.091497
IDLE_SERVER_MEM=2327592634
