STM_CLIENT_SYSTEM=1.029554
STM_CLIENT_USER=0.407572
STM_CLIENT_MEM=2416712656
STM_SERVER_SYSTEM=0.890752
STM_SERVER_USER=0.423481
STM_SERVER_MEM=2383906842
STM_BW=8214710629.0493269
STM_RTS=1490
