STS_CLIENT_SYSTEM=1.064642
STS_CLIENT_USER=0.397361
STS_CLIENT_MEM=2419261952
STS_SERVER_SYSTEM=1.042851
STS_SERVER_USER=0.406989
STS_SERVER_MEM=2397261824
STS_BW=8311762605.3222675
STS_RTS=1146
