SUM_CLIENT_SYSTEM=5.532425
SUM_CLIENT_USER=0.610299
SUM_CLIENT_MEM=2425743119
SUM_SERVER_SYSTEM=2.325423
SUM_SERVER_USER=0.577281
SUM_SERVER_MEM=2391507712
SUM_BW=6188568645.10917
SUM_JITTER=31.609194470218718
SUM_LOST=80.613751255031261
