SUS_CLIENT_SYSTEM=2.448374
SUS_CLIENT_USER=0.474674
SUS_CLIENT_MEM=2430706532
SUS_SERVER_SYSTEM=1.737865
SUS_SERVER_USER=0.551143
SUS_SERVER_MEM=2363922326
SUS_BW=6378315059.43649
SUS_JITTER=8.4448752176448743
SUS_LOST=64.0656542542126
