DTM_CLIENT_SYSTEM=1.180526
DTM_CLIENT_USER=0.047981
DTM_CLIENT_MEM=1650247104
DTM_SERVER_SYSTEM=1.691793
DTM_SERVER_USER=0.058328
DTM_SERVER_MEM=1603338725
DTM_BW=39024809050.9088
DTM_RTS=319385
