DTS_CLIENT_SYSTEM=0.444659
DTS_CLIENT_USER=0.029338
DTS_CLIENT_MEM=1644692672
DTS_SERVER_SYSTEM=0.537287
DTS_SERVER_USER=0.033952
DTS_SERVER_MEM=1608309436
DTS_BW=19909185127.7526
DTS_RTS=2189
