DUM_CLIENT_SYSTEM=4.325480
DUM_CLIENT_USER=0.324890
DUM_CLIENT_MEM=1833261568
DUM_SERVER_SYSTEM=3.898628
DUM_SERVER_USER=0.322890
DUM_SERVER_MEM=1599505785
DUM_BW=33204714453.031662
DUM_JITTER=0.016174214334744835
DUM_LOST=42.735783181452888
