DUS_CLIENT_SYSTEM=0.466770
DUS_CLIENT_USER=0.048185
DUS_CLIENT_MEM=1618758336
DUS_SERVER_SYSTEM=1.026391
DUS_SERVER_USER=0.118961
DUS_SERVER_MEM=1637744370
DUS_BW=7566395684.6059761
DUS_JITTER=0.0051279035531657524
DUS_LOST=27.085832083958021
