IDLE_CLIENT_SYSTEM=0.020166
IDLE_CLIENT_USER=0.031498
IDLE_CLIENT_MEM=1633384480
IDLE_SERVER_SYSTEM=0.020833
IDLE_SERVER_USER=0.030499
IDLE_SERVER_MEM=1638842433
