STM_CLIENT_SYSTEM=1.254788
STM_CLIENT_USER=0.045837
STM_CLIENT_MEM=1646721408
STM_SERVER_SYSTEM=1.726764
STM_SERVER_USER=0.059511
STM_SERVER_MEM=1609419937
STM_BW=39107008713.906029
STM_RTS=382269
