STS_CLIENT_SYSTEM=0.384124
STS_CLIENT_USER=0.024909
STS_CLIENT_MEM=1613501760
STS_SERVER_SYSTEM=0.456796
STS_SERVER_USER=0.033140
STS_SERVER_MEM=1583538014
STS_BW=20581695393.040619
STS_RTS=12064
