SUM_CLIENT_SYSTEM=4.424160
SUM_CLIENT_USER=0.346290
SUM_CLIENT_MEM=1826462016
SUM_SERVER_SYSTEM=3.429406
SUM_SERVER_USER=0.302149
SUM_SERVER_MEM=1616847386
SUM_BW=32199720295.987617
SUM_JITTER=0.91161334787731
SUM_LOST=46.938206782040012
