SUS_CLIENT_SYSTEM=0.457160
SUS_CLIENT_USER=0.053417
SUS_CLIENT_MEM=1631932736
SUS_SERVER_SYSTEM=0.910271
SUS_SERVER_USER=0.119666
SUS_SERVER_MEM=1616689960
SUS_BW=9261779556.82513
SUS_JITTER=0.0073253921019611019
SUS_LOST=7.4819955436207124
