DTM_CLIENT_SYSTEM=0.837702
DTM_CLIENT_USER=0.406055
DTM_CLIENT_MEM=2443424171
DTM_SERVER_SYSTEM=0.815157
DTM_SERVER_USER=0.378136
DTM_SERVER_MEM=2412009964
DTM_BW=7230628421.8272123
DTM_RTS=3359
