DTS_CLIENT_SYSTEM=0.899809
DTS_CLIENT_USER=0.428737
DTS_CLIENT_MEM=2437764096
DTS_SERVER_SYSTEM=0.819856
DTS_SERVER_USER=0.326021
DTS_SERVER_MEM=2402647463
DTS_BW=7503150976.53487
DTS_RTS=934
