DUM_CLIENT_SYSTEM=5.560939
DUM_CLIENT_USER=0.699155
DUM_CLIENT_MEM=2429619001
DUM_SERVER_SYSTEM=2.228358
DUM_SERVER_USER=0.535747
DUM_SERVER_MEM=2395095247
DUM_BW=6712213137.9064121
DUM_JITTER=25.446906884801258
DUM_LOST=79.6599822519818
