DUS_CLIENT_SYSTEM=2.157527
DUS_CLIENT_USER=0.603679
DUS_CLIENT_MEM=2431792175
DUS_SERVER_SYSTEM=1.785503
DUS_SERVER_USER=0.538021
DUS_SERVER_MEM=2404603588
DUS_BW=8239139126.413518
DUS_JITTER=4.4636920697988041
DUS_LOST=58.495345032921655
