IDLE_CLIENT_SYSTEM=0.053332
IDLE_CLIENT_USER=0.095497
IDLE_CLIENT_MEM=2421226674
IDLE_SERVER_SYSTEM=0.051665
IDLE_SERVER_USER=0.082664
IDLE_SERVER_MEM=2371707075
