STM_CLIENT_SYSTEM=1.156326
STM_CLIENT_USER=0.495390
STM_CLIENT_MEM=2431085185
STM_SERVER_SYSTEM=0.963965
STM_SERVER_USER=0.416748
STM_SERVER_MEM=2385818118
STM_BW=9386428048.9533367
STM_RTS=1049
