STS_CLIENT_SYSTEM=1.101001
STS_CLIENT_USER=0.467649
STS_CLIENT_MEM=2417994368
STS_SERVER_SYSTEM=1.038443
STS_SERVER_USER=0.359404
STS_SERVER_MEM=2397929795
STS_BW=8667260687.9946346
STS_RTS=691
