SUM_CLIENT_SYSTEM=5.675473
SUM_CLIENT_USER=0.665876
SUM_CLIENT_MEM=2429626581
SUM_SERVER_SYSTEM=2.250747
SUM_SERVER_USER=0.531506
SUM_SERVER_MEM=2408280582
SUM_BW=6632602488.2723827
SUM_JITTER=35.477430922953459
SUM_LOST=79.6496740573619
