SUS_CLIENT_SYSTEM=2.360123
SUS_CLIENT_USER=0.522339
SUS_CLIENT_MEM=2425147693
SUS_SERVER_SYSTEM=1.748846
SUS_SERVER_USER=0.514744
SUS_SERVER_MEM=2390802483
SUS_BW=6278279942.9786959
SUS_JITTER=3.24750505068848
SUS_LOST=58.400923342547685
