DTM_CLIENT_SYSTEM=0.913795
DTM_CLIENT_USER=0.044044
DTM_CLIENT_MEM=1963769152
DTM_SERVER_SYSTEM=1.737866
DTM_SERVER_USER=0.059502
DTM_SERVER_MEM=1925607639
DTM_BW=39189710710.319252
DTM_RTS=48933
