DTM_CLIENT_SYSTEM=0.912053
DTM_CLIENT_USER=0.036187
DTM_CLIENT_MEM=1920900160
DTM_SERVER_SYSTEM=1.532117
DTM_SERVER_USER=0.056244
DTM_SERVER_MEM=1922301952
DTM_BW=39344689863.120544
DTM_RTS=28474
