DTS_CLIENT_SYSTEM=0.427073
DTS_CLIENT_USER=0.026713
DTS_CLIENT_MEM=1988407936
DTS_SERVER_SYSTEM=0.611936
DTS_SERVER_USER=0.029204
DTS_SERVER_MEM=1939784111
DTS_BW=22640480416.865093
DTS_RTS=8066
