DTS_CLIENT_SYSTEM=0.378413
DTS_CLIENT_USER=0.023763
DTS_CLIENT_MEM=1954428800
DTS_SERVER_SYSTEM=0.517761
DTS_SERVER_USER=0.026774
DTS_SERVER_MEM=1935405325
DTS_BW=22218632266.48761
DTS_RTS=19385
