DUM_CLIENT_SYSTEM=1.607950
DUM_CLIENT_USER=0.187455
DUM_CLIENT_MEM=1944285568
DUM_SERVER_SYSTEM=3.201926
DUM_SERVER_USER=0.275170
DUM_SERVER_MEM=1935554667
DUM_BW=31677499209.925125
DUM_JITTER=0.01841916512371965
DUM_LOST=5.8364700088771571
