DUM_CLIENT_SYSTEM=1.589230
DUM_CLIENT_USER=0.186862
DUM_CLIENT_MEM=1879773120
DUM_SERVER_SYSTEM=3.522864
DUM_SERVER_USER=0.248455
DUM_SERVER_MEM=1946187614
DUM_BW=32592733699.507812
DUM_JITTER=0.011262709809577621
DUM_LOST=2.860059329419292
