DUS_CLIENT_SYSTEM=0.274031
DUS_CLIENT_USER=0.041629
DUS_CLIENT_MEM=1963506752
DUS_SERVER_SYSTEM=0.839579
DUS_SERVER_USER=0.100246
DUS_SERVER_MEM=1944248050
DUS_BW=7254235506.7748356
DUS_JITTER=0.00431169147402828
DUS_LOST=0.61373485919401927
