DUS_CLIENT_SYSTEM=0.250910
DUS_CLIENT_USER=0.034908
DUS_CLIENT_MEM=1884261696
DUS_SERVER_SYSTEM=0.992600
DUS_SERVER_USER=0.110124
DUS_SERVER_MEM=1945580705
DUS_BW=7147409109.98065
DUS_JITTER=0.0062486654609053872
DUS_LOST=1.2722673414946795
