IDLE_CLIENT_SYSTEM=0.009333
IDLE_CLIENT_USER=0.019333
IDLE_CLIENT_MEM=1986496284
IDLE_SERVER_SYSTEM=0.010833
IDLE_SERVER_USER=0.027832
IDLE_SERVER_MEM=1952421725
