IDLE_CLIENT_SYSTEM=0.011333
IDLE_CLIENT_USER=0.022333
IDLE_CLIENT_MEM=1982513347
IDLE_SERVER_SYSTEM=0.012166
IDLE_SERVER_USER=0.025332
IDLE_SERVER_MEM=2004163762
