STM_CLIENT_SYSTEM=0.760049
STM_CLIENT_USER=0.027180
STM_CLIENT_MEM=1865643904
STM_SERVER_SYSTEM=1.364644
STM_SERVER_USER=0.052876
STM_SERVER_MEM=1923655949
STM_BW=34880226588.0655
STM_RTS=12031
