STM_CLIENT_SYSTEM=0.899532
STM_CLIENT_USER=0.039309
STM_CLIENT_MEM=1935673216
STM_SERVER_SYSTEM=1.510098
STM_SERVER_USER=0.052889
STM_SERVER_MEM=1897985401
STM_BW=38514886583.894531
STM_RTS=26427
