STS_CLIENT_SYSTEM=0.334306
STS_CLIENT_USER=0.022123
STS_CLIENT_MEM=1897355968
STS_SERVER_SYSTEM=0.509935
STS_SERVER_USER=0.026241
STS_SERVER_MEM=1902919895
STS_BW=20106032289.1619
STS_RTS=21978
