STS_CLIENT_SYSTEM=0.395765
STS_CLIENT_USER=0.029170
STS_CLIENT_MEM=1960853376
STS_SERVER_SYSTEM=0.600014
STS_SERVER_USER=0.023405
STS_SERVER_MEM=1907538405
STS_BW=22359595555.238228
STS_RTS=17778
