SUM_CLIENT_SYSTEM=1.537731
SUM_CLIENT_USER=0.193076
SUM_CLIENT_MEM=1939104704
SUM_SERVER_SYSTEM=3.674639
SUM_SERVER_USER=0.251754
SUM_SERVER_MEM=1941177829
SUM_BW=31054285269.843979
SUM_JITTER=0.00845730285646455
SUM_LOST=4.6167244053615333
