SUM_CLIENT_SYSTEM=1.543854
SUM_CLIENT_USER=0.181312
SUM_CLIENT_MEM=1882763712
SUM_SERVER_SYSTEM=3.347897
SUM_SERVER_USER=0.262150
SUM_SERVER_MEM=1955649050
SUM_BW=31009953143.012623
SUM_JITTER=0.0233784546756107
SUM_LOST=6.92102590983735
