SUS_CLIENT_SYSTEM=0.277477
SUS_CLIENT_USER=0.039827
SUS_CLIENT_MEM=1879110528
SUS_SERVER_SYSTEM=0.779906
SUS_SERVER_USER=0.102662
SUS_SERVER_MEM=1946820931
SUS_BW=7197824744.3081627
SUS_JITTER=0.00335130582294619
SUS_LOST=1.0644690545374671
