SUS_CLIENT_SYSTEM=0.268459
SUS_CLIENT_USER=0.038843
SUS_CLIENT_MEM=1925819840
SUS_SERVER_SYSTEM=0.895425
SUS_SERVER_USER=0.110271
SUS_SERVER_MEM=1925729603
SUS_BW=7260100341.75729
SUS_JITTER=0.0058808806081849145
SUS_LOST=0.72396243299137653
