DTM_CLIENT_SYSTEM=1.203470
DTM_CLIENT_USER=0.060403
DTM_CLIENT_MEM=1491040384
DTM_SERVER_SYSTEM=1.716424
DTM_SERVER_USER=0.069426
DTM_SERVER_MEM=1570973157
DTM_BW=39075578601.909554
DTM_RTS=314502
