DTM_CLIENT_SYSTEM=0.984342
DTM_CLIENT_USER=0.047825
DTM_CLIENT_MEM=1483722496
DTM_SERVER_SYSTEM=2.596271
DTM_SERVER_USER=0.056288
DTM_SERVER_MEM=1557414912
DTM_BW=34142464544.509972
DTM_RTS=1249057
