DTS_CLIENT_SYSTEM=0.440297
DTS_CLIENT_USER=0.061612
DTS_CLIENT_MEM=1464788288
DTS_SERVER_SYSTEM=0.496291
DTS_SERVER_USER=0.049954
DTS_SERVER_MEM=1534092611
DTS_BW=19277830771.569412
DTS_RTS=1463
