DTS_CLIENT_SYSTEM=0.279603
DTS_CLIENT_USER=0.041629
DTS_CLIENT_MEM=1471064384
DTS_SERVER_SYSTEM=0.425929
DTS_SERVER_USER=0.046438
DTS_SERVER_MEM=1530735885
DTS_BW=9777728527.12983
DTS_RTS=213884
