DUM_CLIENT_SYSTEM=4.188408
DUM_CLIENT_USER=0.349334
DUM_CLIENT_MEM=1659571392
DUM_SERVER_SYSTEM=3.766513
DUM_SERVER_USER=0.304413
DUM_SERVER_MEM=1565309952
DUM_BW=33405059860.453667
DUM_JITTER=0.016147310466292194
DUM_LOST=43.810635375243962
