DUM_CLIENT_SYSTEM=2.979379
DUM_CLIENT_USER=0.423403
DUM_CLIENT_MEM=1465183360
DUM_SERVER_SYSTEM=3.322502
DUM_SERVER_USER=0.447604
DUM_SERVER_MEM=1566909763
DUM_BW=8668938499.1251659
DUM_JITTER=0.00944822129817539
DUM_LOST=23.751616826877214
