DUS_CLIENT_SYSTEM=0.338927
DUS_CLIENT_USER=0.058673
DUS_CLIENT_MEM=1474633536
DUS_SERVER_SYSTEM=0.911871
DUS_SERVER_USER=0.138445
DUS_SERVER_MEM=1556697141
DUS_BW=1605221176.9383743
DUS_JITTER=0.0048120098254329832
DUS_LOST=0.33614538478844341
