DUS_CLIENT_SYSTEM=0.406333
DUS_CLIENT_USER=0.090642
DUS_CLIENT_MEM=1451315456
DUS_SERVER_SYSTEM=0.999797
DUS_SERVER_USER=0.131014
DUS_SERVER_MEM=1566744306
DUS_BW=7311911551.5911579
DUS_JITTER=0.00363893364249672
DUS_LOST=23.816185221462487
