IDLE_CLIENT_SYSTEM=0.021666
IDLE_CLIENT_USER=0.042831
IDLE_CLIENT_MEM=1443080094
IDLE_SERVER_SYSTEM=0.019499
IDLE_SERVER_USER=0.043331
IDLE_SERVER_MEM=1530830782
