IDLE_CLIENT_SYSTEM=0.029166
IDLE_CLIENT_USER=0.041832
IDLE_CLIENT_MEM=1458639368
IDLE_SERVER_SYSTEM=0.024165
IDLE_SERVER_USER=0.051331
IDLE_SERVER_MEM=1527232219
