STM_CLIENT_SYSTEM=0.981902
STM_CLIENT_USER=0.051429
STM_CLIENT_MEM=1486952000
STM_SERVER_SYSTEM=2.002653
STM_SERVER_USER=0.062659
STM_SERVER_MEM=1563497364
STM_BW=34687553718.246872
STM_RTS=1373290
