STM_CLIENT_SYSTEM=1.206569
STM_CLIENT_USER=0.059927
STM_CLIENT_MEM=1497755200
STM_SERVER_SYSTEM=1.757803
STM_SERVER_USER=0.074443
STM_SERVER_MEM=1571712700
STM_BW=38811811172.198952
STM_RTS=362471
