STS_CLIENT_SYSTEM=0.296455
STS_CLIENT_USER=0.046869
STS_CLIENT_MEM=1466709888
STS_SERVER_SYSTEM=0.359807
STS_SERVER_USER=0.039527
STS_SERVER_MEM=1547866327
STS_BW=9328254052.0520763
STS_RTS=171831
