STS_CLIENT_SYSTEM=0.413929
STS_CLIENT_USER=0.061778
STS_CLIENT_MEM=1449440320
STS_SERVER_SYSTEM=0.519416
STS_SERVER_USER=0.040725
STS_SERVER_MEM=1572655265
STS_BW=21594811277.2217
STS_RTS=4612
