SUM_CLIENT_SYSTEM=4.089406
SUM_CLIENT_USER=0.348780
SUM_CLIENT_MEM=1693244288
SUM_SERVER_SYSTEM=3.491561
SUM_SERVER_USER=0.313477
SUM_SERVER_MEM=1533999481
SUM_BW=32449788159.26413
SUM_JITTER=0.012205261558396636
SUM_LOST=45.537571434059181
