SUM_CLIENT_SYSTEM=2.923105
SUM_CLIENT_USER=0.411266
SUM_CLIENT_MEM=1468699136
SUM_SERVER_SYSTEM=3.282554
SUM_SERVER_USER=0.416830
SUM_SERVER_MEM=1590113872
SUM_BW=8233115592.1670742
SUM_JITTER=0.011178967651709679
SUM_LOST=27.283819506025559
