SUS_CLIENT_SYSTEM=0.339255
SUS_CLIENT_USER=0.057034
SUS_CLIENT_MEM=1476686080
SUS_SERVER_SYSTEM=1.044716
SUS_SERVER_USER=0.141064
SUS_SERVER_MEM=1581708826
SUS_BW=1558512454.5442667
SUS_JITTER=0.0023061646040573882
SUS_LOST=2.9787020246721969
