SUS_CLIENT_SYSTEM=0.408575
SUS_CLIENT_USER=0.071947
SUS_CLIENT_MEM=1454671616
SUS_SERVER_SYSTEM=0.939078
SUS_SERVER_USER=0.128721
SUS_SERVER_MEM=1551170452
SUS_BW=8106952175.4943066
SUS_JITTER=0.0050376627687394437
SUS_LOST=16.797140354767158
