DTM_CLIENT_SYSTEM=0.980280
DTM_CLIENT_USER=0.046025
DTM_CLIENT_MEM=1628252032
DTM_SERVER_SYSTEM=1.595305
DTM_SERVER_USER=0.065112
DTM_SERVER_MEM=1631575040
DTM_BW=39349132350.218246
DTM_RTS=19440
