DTS_CLIENT_SYSTEM=0.443275
DTS_CLIENT_USER=0.039002
DTS_CLIENT_MEM=1650296320
DTS_SERVER_SYSTEM=0.648139
DTS_SERVER_USER=0.036820
DTS_SERVER_MEM=1623296700
DTS_BW=23002700735.369984
DTS_RTS=13164
