DUM_CLIENT_SYSTEM=2.670206
DUM_CLIENT_USER=0.205640
DUM_CLIENT_MEM=1576763776
DUM_SERVER_SYSTEM=3.898418
DUM_SERVER_USER=0.283467
DUM_SERVER_MEM=1680233472
DUM_BW=35414812173.004379
DUM_JITTER=0.0097504332802901151
DUM_LOST=1.5767479984674866
