DUS_CLIENT_SYSTEM=0.397581
DUS_CLIENT_USER=0.049657
DUS_CLIENT_MEM=1601735936
DUS_SERVER_SYSTEM=0.850131
DUS_SERVER_USER=0.111817
DUS_SERVER_MEM=1671439036
DUS_BW=7130086581.6690483
DUS_JITTER=0.0049321951488838518
DUS_LOST=0.70821955648838619
