IDLE_CLIENT_SYSTEM=0.025666
IDLE_CLIENT_USER=0.032999
IDLE_CLIENT_MEM=1636495425
IDLE_SERVER_SYSTEM=0.022666
IDLE_SERVER_USER=0.032665
IDLE_SERVER_MEM=1639345070
