STM_CLIENT_SYSTEM=0.929711
STM_CLIENT_USER=0.050441
STM_CLIENT_MEM=1613635456
STM_SERVER_SYSTEM=1.641579
STM_SERVER_USER=0.061050
STM_SERVER_MEM=1631003486
STM_BW=39353221150.323036
STM_RTS=13122
