STS_CLIENT_SYSTEM=0.376864
STS_CLIENT_USER=0.034245
STS_CLIENT_MEM=1609654528
STS_SERVER_SYSTEM=0.663075
STS_SERVER_USER=0.030724
STS_SERVER_MEM=1627159228
STS_BW=21777564976.6585
STS_RTS=25064
