SUM_CLIENT_SYSTEM=2.653723
SUM_CLIENT_USER=0.224134
SUM_CLIENT_MEM=1615480448
SUM_SERVER_SYSTEM=4.066328
SUM_SERVER_USER=0.280203
SUM_SERVER_MEM=1709589288
SUM_BW=34321138652.13509
SUM_JITTER=0.014219375047520397
SUM_LOST=12.689175186183064
