SUS_CLIENT_SYSTEM=0.291857
SUS_CLIENT_USER=0.054406
SUS_CLIENT_MEM=1596409600
SUS_SERVER_SYSTEM=0.899606
SUS_SERVER_USER=0.115022
SUS_SERVER_MEM=1667551070
SUS_BW=7294993890.1657782
SUS_JITTER=0.00794236572698513
SUS_LOST=0.29402894076288938
