DTM_CLIENT_SYSTEM=1.141496
DTM_CLIENT_USER=0.028001
DTM_CLIENT_MEM=1235536512
DTM_SERVER_SYSTEM=1.728966
DTM_SERVER_USER=0.047486
DTM_SERVER_MEM=1220315405
DTM_BW=38975597253.992371
DTM_RTS=350586
