DTM_CLIENT_SYSTEM=1.144420
DTM_CLIENT_USER=0.027505
DTM_CLIENT_MEM=1223908736
DTM_SERVER_SYSTEM=1.755991
DTM_SERVER_USER=0.045598
DTM_SERVER_MEM=1214513044
DTM_BW=38731338742.739952
DTM_RTS=564622
