DTS_CLIENT_SYSTEM=0.448757
DTS_CLIENT_USER=0.015898
DTS_CLIENT_MEM=1227130560
DTS_SERVER_SYSTEM=0.580365
DTS_SERVER_USER=0.019481
DTS_SERVER_MEM=1240834048
DTS_BW=22250289462.524868
DTS_RTS=2592
