DTS_CLIENT_SYSTEM=0.447624
DTS_CLIENT_USER=0.015735
DTS_CLIENT_MEM=1237269952
DTS_SERVER_SYSTEM=0.558931
DTS_SERVER_USER=0.022460
DTS_SERVER_MEM=1216210890
DTS_BW=21549407522.717415
DTS_RTS=2696
