DUM_CLIENT_SYSTEM=4.648358
DUM_CLIENT_USER=0.344104
DUM_CLIENT_MEM=1431208128
DUM_SERVER_SYSTEM=3.735821
DUM_SERVER_USER=0.303657
DUM_SERVER_MEM=1243629675
DUM_BW=34903871135.610527
DUM_JITTER=0.010245155148718139
DUM_LOST=47.330141553926033
