DUM_CLIENT_SYSTEM=4.685002
DUM_CLIENT_USER=0.342026
DUM_CLIENT_MEM=1433259200
DUM_SERVER_SYSTEM=3.813757
DUM_SERVER_USER=0.293043
DUM_SERVER_MEM=1230026159
DUM_BW=35317786703.4603
DUM_JITTER=0.6054507565924917
DUM_LOST=45.445323906125942
