DUS_CLIENT_SYSTEM=0.471383
DUS_CLIENT_USER=0.036550
DUS_CLIENT_MEM=1210886016
DUS_SERVER_SYSTEM=1.075758
DUS_SERVER_USER=0.121483
DUS_SERVER_MEM=1233975942
DUS_BW=9988686803.9409657
DUS_JITTER=0.002936716876184462
DUS_LOST=7.8976147805126562
