DUS_CLIENT_SYSTEM=0.467464
DUS_CLIENT_USER=0.030487
DUS_CLIENT_MEM=1190522048
DUS_SERVER_SYSTEM=0.970787
DUS_SERVER_USER=0.102651
DUS_SERVER_MEM=1242126982
DUS_BW=9109183927.6006
DUS_JITTER=0.0054341618080882221
DUS_LOST=3.9627555068528437
