IDLE_CLIENT_SYSTEM=0.006333
IDLE_CLIENT_USER=0.013500
IDLE_CLIENT_MEM=1280302388
IDLE_SERVER_SYSTEM=0.006333
IDLE_SERVER_USER=0.013499
IDLE_SERVER_MEM=1261102421
