IDLE_CLIENT_SYSTEM=0.006166
IDLE_CLIENT_USER=0.012666
IDLE_CLIENT_MEM=1247647061
IDLE_SERVER_SYSTEM=0.005666
IDLE_SERVER_USER=0.014833
IDLE_SERVER_MEM=1303155988
