STM_CLIENT_SYSTEM=1.245659
STM_CLIENT_USER=0.028009
STM_CLIENT_MEM=1215210304
STM_SERVER_SYSTEM=1.767117
STM_SERVER_USER=0.045998
STM_SERVER_MEM=1222075553
STM_BW=38774860631.7136
STM_RTS=588325
