STM_CLIENT_SYSTEM=1.157971
STM_CLIENT_USER=0.028978
STM_CLIENT_MEM=1211847296
STM_SERVER_SYSTEM=1.721666
STM_SERVER_USER=0.043143
STM_SERVER_MEM=1228301042
STM_BW=38671776648.300858
STM_RTS=541539
