STS_CLIENT_SYSTEM=0.388757
STS_CLIENT_USER=0.014259
STS_CLIENT_MEM=1190425856
STS_SERVER_SYSTEM=0.650386
STS_SERVER_USER=0.018942
STS_SERVER_MEM=1210598831
STS_BW=21497792539.081776
STS_RTS=6906
