STS_CLIENT_SYSTEM=0.387571
STS_CLIENT_USER=0.015732
STS_CLIENT_MEM=1208080320
STS_SERVER_SYSTEM=0.599478
STS_SERVER_USER=0.013932
STS_SERVER_MEM=1220621204
STS_BW=18979685296.052383
STS_RTS=3069
