SUM_CLIENT_SYSTEM=4.049608
SUM_CLIENT_USER=0.304564
SUM_CLIENT_MEM=1408349952
SUM_SERVER_SYSTEM=3.742237
SUM_SERVER_USER=0.309959
SUM_SERVER_MEM=1233869015
SUM_BW=34837536836.335052
SUM_JITTER=1.4632908983807726
SUM_LOST=38.369459152958846
