SUM_CLIENT_SYSTEM=4.015754
SUM_CLIENT_USER=0.309849
SUM_CLIENT_MEM=1416754496
SUM_SERVER_SYSTEM=3.491540
SUM_SERVER_USER=0.295538
SUM_SERVER_MEM=1241858964
SUM_BW=33596406218.614731
SUM_JITTER=2.2900474570822729
SUM_LOST=40.875839605648423
