SUS_CLIENT_SYSTEM=0.401383
SUS_CLIENT_USER=0.035893
SUS_CLIENT_MEM=1192152000
SUS_SERVER_SYSTEM=1.003058
SUS_SERVER_USER=0.099305
SUS_SERVER_MEM=1251915560
SUS_BW=8702415449.7859
SUS_JITTER=0.0053035701751875377
SUS_LOST=2.699028994115912
