SUS_CLIENT_SYSTEM=0.386790
SUS_CLIENT_USER=0.030976
SUS_CLIENT_MEM=1203944960
SUS_SERVER_SYSTEM=0.770012
SUS_SERVER_USER=0.091481
SUS_SERVER_MEM=1240638733
SUS_BW=8256446962.03525
SUS_JITTER=0.0092399867907509651
SUS_LOST=1.5234567602584417
