DTM_CLIENT_SYSTEM=0.890276
DTM_CLIENT_USER=0.015567
DTM_CLIENT_MEM=1092694400
DTM_SERVER_SYSTEM=1.771945
DTM_SERVER_USER=0.053417
DTM_SERVER_MEM=1058125285
DTM_BW=39600058719.981285
DTM_RTS=791
