DTS_CLIENT_SYSTEM=0.642682
DTS_CLIENT_USER=0.004753
DTS_CLIENT_MEM=1120742272
DTS_SERVER_SYSTEM=0.536767
DTS_SERVER_USER=0.009334
DTS_SERVER_MEM=1090927939
DTS_BW=33873030707.49017
DTS_RTS=10935
