DUM_CLIENT_SYSTEM=7.149834
DUM_CLIENT_USER=0.151932
DUM_CLIENT_MEM=1049041472
DUM_SERVER_SYSTEM=3.067094
DUM_SERVER_USER=0.262048
DUM_SERVER_MEM=1097278679
DUM_BW=28416189752.636215
DUM_JITTER=0.010007108648630051
DUM_LOST=0.711977714669839
