DUS_CLIENT_SYSTEM=0.452564
DUS_CLIENT_USER=0.021473
DUS_CLIENT_MEM=1075681280
DUS_SERVER_SYSTEM=0.746844
DUS_SERVER_USER=0.092273
DUS_SERVER_MEM=1066549625
DUS_BW=7342205349.24153
DUS_JITTER=0.010301729292545853
DUS_LOST=0.1416265110289536
