IDLE_CLIENT_SYSTEM=0.000333
IDLE_CLIENT_USER=0.000333
IDLE_CLIENT_MEM=1102157295
IDLE_SERVER_SYSTEM=0.001167
IDLE_SERVER_USER=0.002833
IDLE_SERVER_MEM=1083477421
